0 0.91796875 0.5185185185185185 0.08333333333333333 0.16203703703703703
0 0.9479166666666666 0.42777777777777776 0.04583333333333333 0.06944444444444445
0 0.5341145833333333 0.3578703703703704 0.07864583333333333 0.1388888888888889
0 0.9153645833333334 0.2638888888888889 0.030729166666666665 0.16111111111111112
0 0.5888020833333333 0.2884259259259259 0.06145833333333333 0.19166666666666668
1 0.8145833333333333 0.4125 0.05520833333333333 0.23055555555555557
0 0.51328125 0.5564814814814815 0.14479166666666668 0.35555555555555557
0 0.39479166666666665 0.6370370370370371 0.11197916666666667 0.3111111111111111
1 0.7622395833333333 0.4587962962962963 0.08333333333333333 0.23703703703703705
0 0.94375 0.3800925925925926 0.06822916666666666 0.10925925925925926
1 0.6447916666666667 0.9268518518518518 0.18177083333333333 0.1398148148148148
0 0.5166666666666667 0.7583333333333333 0.14947916666666666 0.3972222222222222
0 0.6747395833333333 0.6032407407407407 0.09739583333333333 0.38981481481481484
0 0.859375 0.725925925925926 0.18854166666666666 0.24814814814814815
0 0.8609375 0.7851851851851852 0.18177083333333333 0.22685185185185186
0 0.31276041666666665 0.6208333333333333 0.07708333333333334 0.32037037037037036
0 0.36796875 0.538425925925926 0.07395833333333333 0.31574074074074077
0 0.4432291666666667 0.4546296296296296 0.0859375 0.225
0 0.48489583333333336 0.4162037037037037 0.08697916666666666 0.2388888888888889
1 0.6221354166666667 0.41759259259259257 0.08645833333333333 0.24722222222222223
1 0.24765625 0.8092592592592592 0.1671875 0.37962962962962965