0 0.907190205239639 0.6851851851851852 0.10218973477649367 0.19166666666666668
0 0.9475652203649496 0.6087962962962963 0.0539276344648016 0.08611111111111111
0 0.5525292818090818 0.375 0.09481625487811035 0.16666666666666666
0 0.9360626030421666 0.4361111111111111 0.05107534523719011 0.16944444444444445
0 0.6143584575509347 0.32916666666666666 0.08506586729005079 0.2111111111111111
1 0.8194779232341656 0.5407407407407407 0.08361851183839282 0.2462962962962963
0 0.5075623890810562 0.5601851851851852 0.18726166230593103 0.4046296296296296
0 0.38214457981729194 0.5916666666666667 0.1495768250046454 0.34814814814814815
1 0.762525456346189 0.5648148148148148 0.1118010841125636 0.2638888888888889
0 0.9494909874742362 0.5606481481481481 0.08064467056915489 0.13333333333333333
1 0.5900365574371115 0.9342592592592592 0.1952219436631019 0.13148148148148148
0 0.4860754180287356 0.7583333333333333 0.1972968811451518 0.44722222222222224
0 0.6594854733245478 0.6703703703703704 0.14564044743466245 0.4185185185185185
0 0.8244038085109294 0.8523148148148149 0.21607077484879939 0.2953703703703704
0 0.8182689530592712 0.8875 0.2064654857521158 0.225
0 0.3041209152000653 0.5430555555555555 0.11674614428648625 0.3425925925925926
0 0.36799251765939334 0.4847222222222222 0.11308213023499362 0.337037037037037
0 0.45193741428990714 0.43287037037037035 0.11280941946260511 0.2537037037037037
0 0.4971832516566566 0.4125 0.1159798712580032 0.2675925925925926
1 0.6309603238980955 0.4685185185185185 0.11652494554888217 0.275
1 0.21739645221457693 0.700462962962963 0.2123677164951932 0.43703703703703706