1 0.8487960307594177 0.6470669164393937 0.10298973503510117 0.2570468581563234
0 0.9625879431397588 0.5941128508830147 0.07482411372048242 0.29923441063999984
0 0.8133523120612689 0.7038732697468287 0.11181008666241515 0.3363176180125101
1 0.7223011656456113 0.5421619442745655 0.14352680631780762 0.32475445671818887
1 0.7589083236120033 0.7549184022485861 0.20015560687088296 0.4901631955028279
0 0.5691626420336144 0.5847866473147582 0.14500813580089583 0.3002405048488884
0 0.962242981663478 0.7197726675758541 0.07551403667304395 0.1951831698120162
0 0.9573593255903023 0.7818562948177745 0.08528134881939523 0.2087480266137719
0 0.9806344821527352 0.630264046135607 0.0387310356945297 0.23017234100614511
0 0.9330424975537146 0.8321058249465265 0.13391500489257074 0.26755523568982126
0 0.8805888342533533 0.8824754013899302 0.23882233149329343 0.2350491972201397
0 0.8900264377472955 0.916740117039066 0.1837324325249971 0.16651976592186812
0 0.696093807689861 0.8981657750135519 0.20284769263986652 0.20366844997289618
0 0.5699675577536728 0.45981539880707634 0.11258118013188843 0.18338915684032894
0 0.5259774349181061 0.4768012709751149 0.09825488436503065 0.22423441063999963
0 0.3456135379812855 0.5953814911723722 0.15407875717932668 0.36763624371160447
0 0.40360866323123173 0.5365839352678451 0.09136229766007417 0.22132945450496547
0 0.4183171410551002 0.6740490975815351 0.17985662807913555 0.41471911518858656
0 0.5272930683046225 0.7974294629388607 0.19331036122102022 0.40514107412227846
0 0.46371080195703496 0.5647193232108352 0.16166127645182157 0.3339902109403014
0 0.4820177504254452 0.4942501061061164 0.1605181454371434 0.2852401689533603
1 0.6530675673154731 0.9575469661748962 0.18056684005530882 0.08490606765020756