1 0.81015625 0.40370370370370373 0.06197916666666667 0.22592592592592592
0 0.93125 0.2824074074074074 0.05364583333333333 0.2722222222222222
0 0.7786458333333334 0.48009259259259257 0.05572916666666667 0.30833333333333335
1 0.6817708333333333 0.3638888888888889 0.09322916666666667 0.27685185185185185
1 0.7294270833333333 0.575 0.11614583333333334 0.46111111111111114
0 0.5356770833333333 0.487962962962963 0.09947916666666666 0.2490740740740741
0 0.9416666666666667 0.4078703703703704 0.08385416666666666 0.15185185185185185
0 0.9348958333333334 0.47638888888888886 0.08020833333333334 0.1675925925925926
0 0.9609375 0.3050925925925926 0.050520833333333334 0.2064814814814815
0 0.9080729166666667 0.5430555555555555 0.10833333333333334 0.21203703703703702
0 0.8658854166666666 0.6921296296296297 0.20729166666666668 0.26944444444444443
0 0.8692708333333333 0.737037037037037 0.13802083333333334 0.25833333333333336
0 0.6833333333333333 0.836574074074074 0.14947916666666666 0.32222222222222224
0 0.5296875 0.3611111111111111 0.0875 0.13796296296296295
0 0.48802083333333335 0.4013888888888889 0.06354166666666666 0.19166666666666668
0 0.31927083333333334 0.6166666666666667 0.09635416666666667 0.31851851851851853
0 0.3723958333333333 0.5263888888888889 0.05625 0.1925925925925926
0 0.39401041666666664 0.6578703703703703 0.11510416666666666 0.35555555555555557
0 0.50625 0.7268518518518519 0.13125 0.34074074074074073
0 0.4322916666666667 0.5231481481481481 0.11145833333333334 0.27685185185185185
0 0.44635416666666666 0.44212962962962965 0.11979166666666667 0.22314814814814815
1 0.64375 0.9092592592592592 0.15208333333333332 0.1814814814814815