0 0.5718421038351186 0.7157303170446598 0.20866242181199843 0.46092009624929664
1 0.6204989855850743 0.34820972870189015 0.12652153646827174 0.31976487398937753
1 0.7679722165022095 0.7091121043468422 0.1615325182473929 0.3395238476522915
0 0.7702629931439531 0.38244837606843496 0.12287606802990775 0.39913583125240154
0 0.6930620284850285 0.4886712048082648 0.15910446936663475 0.44581132485881875
0 0.8349805684940432 0.5979642339450577 0.1686605529121503 0.3149765242938513
0 0.9013844466767419 0.09234631123256741 0.08628367512730221 0.18469262246513482
0 0.9035205709208469 0.36259678626298364 0.15837115558030207 0.3337742878217817
0 0.9194721051347262 0.2523028375373022 0.09350867690430226 0.20757497796299942
0 0.9226906771297415 0.18679872143874457 0.09302420623806 0.21309819947272923
0 0.9312747891205146 0.06538337528054877 0.027410597337151423 0.05168137038293602
1 0.79568631202259 0.24655624749497823 0.08920298490875685 0.26561730488390156
0 0.6744043947326334 0.8223719740486999 0.1294098142372114 0.20425047156941661
0 0.552538778909393 0.23432526505784887 0.08797344446212042 0.23684893308854643
0 0.4153404129402552 0.6471736230287138 0.1543681209155442 0.35851561545517613
0 0.4514497233715134 0.47217655356699173 0.16420941024824126 0.350796628992531
0 0.4717921606991197 0.395883191733964 0.10005563868554455 0.25333335688327807
0 0.5153056209155442 0.3172250389357671 0.09959504490239332 0.18296298651290774