0 0.5333333333333333 0.7712962962962963 0.15989583333333332 0.39444444444444443
1 0.6294270833333333 0.43657407407407406 0.09114583333333333 0.2824074074074074
1 0.7236979166666667 0.8550925925925926 0.12604166666666666 0.28703703703703703
0 0.76953125 0.5388888888888889 0.07552083333333333 0.3712962962962963
0 0.6807291666666667 0.6064814814814815 0.1078125 0.40370370370370373
0 0.8033854166666666 0.7777777777777778 0.1375 0.2564814814814815
0 0.93671875 0.3013888888888889 0.0625 0.19166666666666668
0 0.90078125 0.5810185185185185 0.1234375 0.2824074074074074
0 0.9309895833333334 0.4810185185185185 0.07135416666666666 0.17777777777777778
0 0.9427083333333334 0.41898148148148145 0.0703125 0.18425925925925926
0 0.9671875 0.3050925925925926 0.022395833333333334 0.041666666666666664
1 0.8119791666666667 0.4185185185185185 0.058333333333333334 0.24351851851851852
0 0.6184895833333334 0.9222222222222223 0.11145833333333334 0.15555555555555556
0 0.5786458333333333 0.2949074074074074 0.06145833333333333 0.21203703703703702
0 0.39140625 0.6328703703703704 0.115625 0.3111111111111111
0 0.44947916666666665 0.4791666666666667 0.12760416666666666 0.2972222222222222
0 0.47942708333333334 0.41435185185185186 0.071875 0.22407407407407406
0 0.5317708333333333 0.35833333333333334 0.08177083333333333 0.14814814814814814