1 0.8052083333333333 0.4310185185185185 0.07604166666666666 0.26851851851851855
1 0.6317708333333333 0.43425925925925923 0.09322916666666667 0.30462962962962964
1 0.7721354166666666 0.8796296296296297 0.171875 0.23796296296296296
0 0.94765625 0.3125 0.06354166666666666 0.16666666666666666
0 0.9408854166666667 0.4222222222222222 0.06822916666666666 0.19074074074074074
0 0.9302083333333333 0.4875 0.0796875 0.20277777777777778
0 0.9020833333333333 0.5837962962962963 0.1234375 0.30092592592592593
0 0.58984375 0.28935185185185186 0.058333333333333334 0.18055555555555555
0 0.52109375 0.7893518518518519 0.13697916666666668 0.4212962962962963
0 0.6309895833333333 0.9430555555555555 0.10833333333333334 0.1111111111111111
0 0.7614583333333333 0.7375 0.15364583333333334 0.2824074074074074
0 0.5330729166666667 0.4791666666666667 0.10572916666666667 0.25925925925925924
0 0.5317708333333333 0.3597222222222222 0.08177083333333333 0.15
0 0.48046875 0.4148148148148148 0.07552083333333333 0.2351851851851852
0 0.4515625 0.4875 0.12604166666666666 0.3111111111111111
0 0.3697916666666667 0.5388888888888889 0.06145833333333333 0.22592592592592592
0 0.390625 0.6328703703703704 0.1171875 0.31851851851851853