1 0.781413985261879 0.5393571686004737 0.12292751231389284 0.296944883115539
1 0.6157028972960632 0.47329739178264263 0.14609713292305931 0.3402001216915177
1 0.6734480070412292 0.8940939547946282 0.20610174993316904 0.17376651370609159
0 0.9371081857467246 0.48043076432143655 0.09034281023775227 0.19144250023949866
0 0.9120953001989445 0.5852358338257556 0.10134370249260721 0.2176755060113839
0 0.8903380842921876 0.6441671647538519 0.1145540975135854 0.23473006300978846
0 0.8465004586340723 0.7269012087649046 0.17565846349026942 0.35036445839149927
0 0.6016380498570495 0.31514757937257654 0.08977474025173772 0.20252128715629808
0 0.44783781568768666 0.7628520810544361 0.20904803389275048 0.45034360990629574
0 0.5262569683823346 0.9365742239126251 0.12421967261537976 0.09540011110964652
0 0.6856962832525694 0.8141895695133506 0.20143163568918254 0.3326702068279242
0 0.5138405142393423 0.477383007702519 0.15068954454077688 0.30150517796849785
0 0.5338977128578288 0.3607106031812984 0.1076959460605965 0.18365867820946088
0 0.4752839221243416 0.39350695238695016 0.11633785532865773 0.26437585473657393
0 0.4347767062175848 0.45302011881265375 0.17977789350425463 0.36158870418270067
0 0.3479473273100487 0.4705097607067463 0.10108359336440044 0.24818257527547208
0 0.3509766238508465 0.5702834913465656 0.17260462600775112 0.36414021260029794