0 0.94921875 0.31342592592592594 0.0625 0.16296296296296298
1 0.8041666666666667 0.41712962962962963 0.07239583333333334 0.24537037037037038
1 0.6309895833333333 0.43287037037037035 0.0890625 0.30462962962962964
1 0.74765625 0.8152777777777778 0.20104166666666667 0.35462962962962963
0 0.390625 0.6328703703703704 0.1140625 0.31296296296296294
0 0.50234375 0.7574074074074074 0.15416666666666667 0.3592592592592593
0 0.6265625 0.9162037037037037 0.14427083333333332 0.1675925925925926
0 0.775 0.7587962962962963 0.12552083333333333 0.32685185185185184
0 0.8770833333333333 0.575 0.18020833333333333 0.22777777777777777
0 0.9372395833333333 0.42314814814814816 0.08229166666666667 0.19166666666666668
0 0.9296875 0.4842592592592593 0.09114583333333333 0.20185185185185187
0 0.5908854166666667 0.28703703703703703 0.05625 0.175
0 0.5330729166666667 0.4842592592592593 0.103125 0.262037037037037
0 0.5356770833333333 0.35694444444444445 0.08645833333333333 0.15
0 0.48046875 0.4162037037037037 0.07552083333333333 0.23796296296296296
0 0.4505208333333333 0.48009259259259257 0.128125 0.2953703703703704
0 0.37421875 0.5388888888888889 0.065625 0.22592592592592592