0 0.9543486166972592 0.2249877983857939 0.0651672275885306 0.16878604954996754
1 0.8109938600111726 0.34220591554350405 0.07641182941833667 0.2521154456669841
1 0.6380744066153679 0.37408145870240334 0.09404839702628726 0.31292752801611107
1 0.760999965293757 0.7456191044807355 0.20684591761216212 0.373360558151161
0 0.40098323895886756 0.5964760792015917 0.11918478934615541 0.3235900959842464
0 0.5147402964057844 0.7106043489643581 0.16004669112319997 0.37362287284053713
0 0.6415580778343809 0.8578272606689827 0.14701383443290156 0.18103421746426168
0 0.7874192784590958 0.6865900226174395 0.13087044321260208 0.33854655074741946
0 0.8864944034042284 0.49328268489570243 0.18393639007639326 0.24456767743697436
0 0.9441652822421884 0.3358261122038587 0.08542869002363176 0.19933373067288934
0 0.937613409254554 0.3976408462775662 0.09444955841458148 0.21034385312456688
0 0.5955833743510103 0.2319846059290646 0.05911423871722879 0.18024077792830415
0 0.5409988259212207 0.43459318324426605 0.10741378072473964 0.2716451299055946
0 0.5415192210343478 0.3070357398216594 0.08891339509095815 0.15805526977868967
0 0.4872807886422984 0.371438725566106 0.07941559180067632 0.24499919258892688
0 0.4583785464279534 0.43811784344460125 0.13295935000421177 0.30730769787372975
0 0.3830387866848002 0.5040231579491989 0.0693227473386448 0.23204016684228063