1 0.6299479166666667 0.4393518518518518 0.0921875 0.2916666666666667
1 0.8098958333333334 0.4199074074074074 0.0640625 0.24814814814814815
1 0.6419270833333334 0.7240740740740741 0.10520833333333333 0.32592592592592595
0 0.39114583333333336 0.6314814814814815 0.11770833333333333 0.29814814814814816
0 0.37161458333333336 0.5375 0.06354166666666666 0.22314814814814815
0 0.45026041666666666 0.4824074074074074 0.12760416666666666 0.29814814814814816
0 0.503125 0.749537037037037 0.15989583333333332 0.3537037037037037
0 0.63203125 0.9171296296296296 0.11927083333333334 0.16574074074074074
0 0.7630208333333334 0.775 0.1421875 0.3824074074074074
0 0.5921875 0.28703703703703703 0.0578125 0.175
0 0.5328125 0.3597222222222222 0.08385416666666666 0.14814814814814814
0 0.48489583333333336 0.4162037037037037 0.08229166666666667 0.23796296296296296
0 0.53203125 0.47824074074074074 0.10364583333333334 0.25925925925925924
0 0.9421875 0.2861111111111111 0.044270833333333336 0.26481481481481484
0 0.8877604166666667 0.5958333333333333 0.1734375 0.2796296296296296
0 0.9286458333333333 0.47824074074074074 0.08177083333333333 0.18888888888888888
0 0.94375 0.4041666666666667 0.06822916666666666 0.15185185185185185
0 0.965625 0.31157407407407406 0.024479166666666666 0.049074074074074076