1 0.6432936871699046 0.5067833235358445 0.12547290749827386 0.32067595755872447
1 0.8231696819668725 0.5503080354565032 0.09268355172143146 0.26750948463308666
1 0.6329828620913738 0.7899223092952479 0.14236444476346247 0.3593070066411525
0 0.3916518308166353 0.611554908305906 0.15126655934326153 0.3356208535396709
0 0.3795585693838898 0.5125235494744862 0.08908566630123052 0.24330610356814822
0 0.46204037927530556 0.48586836772236686 0.16123514427970279 0.3397340293811112
0 0.49331437530994504 0.7665647800266262 0.20000829733408926 0.4061005280862966
0 0.6075017234932302 0.9362708722826959 0.13678241869175595 0.1274582554346083
0 0.7481548240387679 0.8341411778097741 0.18464288426734707 0.33171764438045176
0 0.6179753878672716 0.34383036198018607 0.07768685299260862 0.19287508026526753
0 0.5533961921619462 0.3943556559127786 0.10025794954451304 0.17623073893901248
0 0.5013409704131873 0.4333719163543629 0.1092774667849902 0.264495418213992
0 0.5431878676598422 0.5105050946159885 0.13324241590752167 0.29231707249732525
0 0.9636446041878711 0.46549386513037183 0.07271079162425782 0.27694037903823054
0 0.8864187048323633 0.7499870905051453 0.2043733714424846 0.3368931464584366
0 0.9362227645127883 0.649353653659199 0.10310517471047831 0.21520583248847755
0 0.9570122765219605 0.5817510596593019 0.0851174070762923 0.17375390329798351
0 0.9856088952639747 0.4987633191435405 0.028782209472050607 0.05674086963847753