0 0.5002604166666667 0.7513888888888889 0.15989583333333332 0.35185185185185186
0 0.9427083333333334 0.4083333333333333 0.0703125 0.16574074074074074
0 0.9270833333333334 0.475462962962963 0.07760416666666667 0.18425925925925926
0 0.8859375 0.5916666666666667 0.15885416666666666 0.26851851851851855
0 0.7645833333333333 0.7662037037037037 0.14166666666666666 0.3824074074074074
0 0.6278645833333333 0.9125 0.11510416666666666 0.175
0 0.5328125 0.4773148148148148 0.10520833333333333 0.24814814814814815
0 0.5322916666666667 0.3587962962962963 0.084375 0.14444444444444443
0 0.5890625 0.2902777777777778 0.057291666666666664 0.18888888888888888
0 0.9421875 0.28425925925925927 0.043229166666666666 0.25555555555555554
0 0.48541666666666666 0.4166666666666667 0.08645833333333333 0.23425925925925925
0 0.45026041666666666 0.48055555555555557 0.125 0.29907407407407405
0 0.37109375 0.5375 0.06354166666666666 0.22314814814814815
0 0.3921875 0.6273148148148148 0.1171875 0.2972222222222222
0 0.9666666666666667 0.3087962962962963 0.023958333333333335 0.041666666666666664
1 0.6424479166666667 0.7342592592592593 0.11145833333333334 0.3333333333333333
1 0.8041666666666667 0.41435185185185186 0.07239583333333334 0.23981481481481481
1 0.62890625 0.42314814814814816 0.0890625 0.30925925925925923