0 0.4854152557299238 0.8078718902341997 0.1806007711437939 0.38425621953160055
0 0.9285001643303512 0.4741421586918818 0.08007700361804476 0.18076661045896444
0 0.9129386145038173 0.541117940445433 0.088462713703953 0.20110109534473605
0 0.871643402307383 0.6567234857197586 0.1750191564899012 0.30232086274831577
0 0.7502851941062112 0.811395726913035 0.1642594384134682 0.37720854617392996
0 0.6133123117379604 0.9367242040769466 0.12577164367531685 0.12655159184610687
0 0.5180558421911889 0.5346858281284631 0.12008820970869039 0.27022398976252054
0 0.5176297962842035 0.4161852523522439 0.09301816448042644 0.16193897685356126
0 0.5744873058951419 0.34880442433042397 0.06872563847403938 0.20069817807855866
0 0.9279774760669585 0.3500563593453962 0.058163634478776774 0.2650148541131757
0 0.470748899819639 0.47308972284429357 0.10035334916295516 0.2522878159331724
0 0.4354366269040033 0.5364218465909267 0.14299823232282236 0.32543454474659284
0 0.3561958244768307 0.5919622980736382 0.07653370910568284 0.23665473164622755
0 0.3773142957569103 0.6821620874123312 0.13458301183435922 0.32170739049806585
0 0.9525827954925871 0.37515637899457666 0.026282898763699335 0.04636664793076593
1 0.6279690332438295 0.7947956940076318 0.13148087818437942 0.3573438133738025
1 0.7899197687702978 0.47739959237658114 0.08642732775483779 0.2553153727684128
1 0.6144432010407967 0.4824923545055605 0.10725180235145852 0.32782184019796873