0 0.6424479166666667 0.9347222222222222 0.13697916666666668 0.13055555555555556
0 0.8901041666666667 0.5907407407407408 0.153125 0.262037037037037
0 0.9317708333333333 0.47175925925925927 0.07708333333333334 0.17685185185185184
0 0.9481770833333333 0.38657407407407407 0.06041666666666667 0.12129629629629629
0 0.9658854166666667 0.3087962962962963 0.021354166666666667 0.046296296296296294
0 0.5346354166666667 0.5074074074074074 0.1 0.25092592592592594
0 0.5908854166666667 0.29444444444444445 0.05625 0.19814814814814816
0 0.39010416666666664 0.6291666666666667 0.115625 0.30092592592592593
0 0.9419270833333333 0.28379629629629627 0.04635416666666667 0.2564814814814815
0 0.7802083333333333 0.7587962962962963 0.13020833333333334 0.3194444444444444
0 0.37161458333333336 0.5361111111111111 0.06614583333333333 0.22314814814814815
0 0.45208333333333334 0.48194444444444445 0.12708333333333333 0.29907407407407405
0 0.48203125 0.4152777777777778 0.078125 0.23425925925925925
0 0.5338541666666666 0.3638888888888889 0.0875 0.1537037037037037
1 0.671875 0.7902777777777777 0.16197916666666667 0.2518518518518518
0 0.5018229166666667 0.7476851851851852 0.15885416666666666 0.3472222222222222
1 0.81015625 0.43287037037037035 0.06614583333333333 0.2740740740740741
1 0.63359375 0.43287037037037035 0.08541666666666667 0.30925925925925923