0 0.6568094589091366 0.9358502464207397 0.1577748788407052 0.12829950715852065
0 0.8732358625112892 0.5710931407003536 0.1957891720652512 0.34501947429080876
0 0.9044003896223934 0.4426551263603261 0.10603897275523408 0.21792627785124796
0 0.9134369627909978 0.3536503917633439 0.08003615740170175 0.15409573168581603
0 0.9242608713675281 0.2719141336979392 0.028851550623151923 0.057835112814650126
0 0.5135998307677028 0.5766732528790379 0.1412828484133494 0.30434924866150853
0 0.5512718120295399 0.35091458945184995 0.08888316888266155 0.22813496807358002
0 0.380821066795684 0.7335797125290522 0.16500499848327668 0.3632261331101779
0 0.8976155534561059 0.2635755539094345 0.08810222642112156 0.2583664915420025
0 0.7784381579440897 0.7655971874764856 0.1826583249013017 0.3889665379553902
0 0.35442512523390807 0.6455884179431811 0.10308799391762508 0.25793794639593937
0 0.42967061645224086 0.5715418357531946 0.1760608976534396 0.36770507934540414
0 0.45377966016008453 0.49793030477267336 0.11677975588188225 0.2757038876812616
0 0.5008092556659083 0.43394214928002567 0.11258077801086823 0.2014677975636211
1 0.6737380799347695 0.8234117343398604 0.2028045740015377 0.3396721051142928
0 0.5014998046231937 0.8036269964746906 0.21608674661691746 0.3927460070506188
1 0.7805090261367684 0.4341043733458409 0.11146917898055951 0.3089100426573385
1 0.6053741638259719 0.47770159251684285 0.13668266653300473 0.3542220703042519