0 0.9700520833333334 0.30694444444444446 0.019791666666666666 0.03981481481481482
0 0.5911458333333334 0.29305555555555557 0.05572916666666667 0.1925925925925926
0 0.9388020833333334 0.27361111111111114 0.0625 0.24722222222222223
0 0.8890625 0.5958333333333333 0.15364583333333334 0.2740740740740741
0 0.9263020833333333 0.4736111111111111 0.07447916666666667 0.18055555555555555
0 0.93984375 0.40925925925925927 0.08020833333333334 0.1638888888888889
1 0.63203125 0.4305555555555556 0.08645833333333333 0.30462962962962964
0 0.3703125 0.5356481481481481 0.059375 0.22407407407407406
0 0.38333333333333336 0.8777777777777778 0.13020833333333334 0.24444444444444444
0 0.50078125 0.7574074074074074 0.1453125 0.337037037037037
0 0.6091145833333333 0.7763888888888889 0.14114583333333333 0.3972222222222222
1 0.7809895833333333 0.8583333333333333 0.15 0.2833333333333333
1 0.8072916666666666 0.4152777777777778 0.06770833333333333 0.23981481481481481
0 0.5421875 0.5041666666666667 0.0875 0.35
0 0.390625 0.6277777777777778 0.11145833333333334 0.29814814814814816
0 0.44427083333333334 0.4842592592592593 0.1171875 0.30462962962962964
0 0.4822916666666667 0.42407407407407405 0.08020833333333334 0.25462962962962965
0 0.5328125 0.34814814814814815 0.08125 0.12037037037037036