0 0.9687158150715856 0.20094126751241628 0.02071251190460496 0.04326587561647862
0 0.5903245347684555 0.2220864455521682 0.059721647726523726 0.20163136678308302
0 0.9380671509751315 0.1700714946518967 0.0675496939925471 0.25716745508605443
0 0.8820524738930341 0.4974766533669582 0.15898644507468399 0.2981278181324565
0 0.9217805395040404 0.37185203847453235 0.07783262905773895 0.19186047642940046
0 0.9364703308998982 0.3062149792870557 0.0834072456703538 0.17683195321771408
1 0.6285441911542718 0.356054558785773 0.09260160497717086 0.31854389967989233
0 0.3648337462141683 0.4854787038093851 0.06367658116796093 0.23356607760123535
0 0.37110542641029304 0.8268734760122045 0.1352489361462304 0.26465864541258827
0 0.4907404983795407 0.6954768559037336 0.15179214529089174 0.360119575373982
0 0.5988556434012712 0.7042316921220205 0.14873723863481583 0.41985153122249613
1 0.7688844073355696 0.7649391047910284 0.1553224293820506 0.29582273694393385
1 0.8039000652072646 0.32454495487929963 0.07268529788867965 0.2504075181596055
0 0.5372237159110381 0.43815387848778303 0.09460957278002648 0.36410851119455034
0 0.38319091599266525 0.5761386185853945 0.11754705789927028 0.31609620243293735
0 0.43979474540229097 0.4271458018576054 0.1233398628234878 0.32328990144347297
0 0.4789137019767399 0.36355822400221677 0.08533984794273147 0.2677021880546465
0 0.5309476252719072 0.2826436027277392 0.08350079356013182 0.13337818174729135