0 0.31979166666666664 0.625462962962963 0.08958333333333333 0.3074074074074074
0 0.67421875 0.600462962962963 0.08854166666666667 0.39166666666666666
0 0.9135416666666667 0.2652777777777778 0.022916666666666665 0.17407407407407408
0 0.95546875 0.37824074074074077 0.04635416666666667 0.09351851851851851
0 0.93125 0.4759259259259259 0.08229166666666667 0.1685185185185185
0 0.90703125 0.5467592592592593 0.103125 0.21388888888888888
0 0.86015625 0.7125 0.19895833333333332 0.24166666666666667
0 0.85859375 0.7939814814814815 0.18125 0.22870370370370371
0 0.5880208333333333 0.28379629629629627 0.0609375 0.17407407407407408
1 0.6354166666666666 0.9259259259259259 0.17083333333333334 0.14814814814814814
1 0.39505208333333336 0.8828703703703704 0.1203125 0.23425925925925925
1 0.6208333333333333 0.43657407407407406 0.08333333333333333 0.29259259259259257
1 0.7567708333333333 0.47314814814814815 0.075 0.2861111111111111
1 0.8114583333333333 0.41805555555555557 0.059895833333333336 0.24351851851851852
0 0.4044270833333333 0.49444444444444446 0.14322916666666666 0.22870370370370371
0 0.44453125 0.475 0.090625 0.2564814814814815
0 0.3890625 0.6277777777777778 0.11927083333333334 0.3037037037037037
0 0.5130208333333334 0.5509259259259259 0.14322916666666666 0.3333333333333333
0 0.5192708333333333 0.7791666666666667 0.14947916666666666 0.35185185185185186
0 0.48333333333333334 0.412962962962963 0.08645833333333333 0.23055555555555557
0 0.5286458333333334 0.35138888888888886 0.08020833333333334 0.1259259259259259
1 0.87265625 0.42824074074074076 0.06822916666666666 0.3277777777777778