0 0.306559000471419 0.6809641261050737 0.12855417616663872 0.33109555913901567
0 0.659319555673756 0.5650130925100261 0.1380455752619369 0.4136322560294127
0 0.8817328711579943 0.1716052343870878 0.04504993474223842 0.1794902147252252
0 0.9291015713195051 0.27266648555996265 0.05831857112581247 0.10667606440813404
0 0.9096761340634106 0.37558938965502003 0.10378389043566472 0.19088210175164874
0 0.8892235496960462 0.45161734540389564 0.13026616890279666 0.24231441148595156
0 0.8504964553829159 0.6278119757172159 0.22928996156147718 0.2989480281019235
0 0.8527784366094485 0.7089436225333505 0.2098115572703989 0.2800416411344355
0 0.557661829281243 0.2737862188037378 0.08295055710233139 0.19045113680834933
1 0.6366274920895119 0.8967582156681947 0.18938265817510094 0.1972786876488061
1 0.39477872435007566 0.8912224596977488 0.1484334454699339 0.21755508060450243
1 0.5979228697878279 0.41640100834566324 0.12008611230466831 0.3142672806186116
1 0.7354957102169357 0.41739352511958766 0.11142499704034965 0.3057615613079585
1 0.7874459763084791 0.34896723535368807 0.09085398631265397 0.25907739656269274
0 0.3847037525394811 0.5296785644434703 0.17191093491030596 0.26908071905131126
0 0.42366603628642685 0.499904132847645 0.12294165124739417 0.28102014027393807
0 0.37572235777399965 0.665251293726541 0.15738211057274148 0.336317765565682
0 0.49594177997258176 0.557463351038459 0.1853649989403441 0.37297835697949966
0 0.5131879648244788 0.7816131683286943 0.1939423234459762 0.3925844132776816
0 0.4593193130216319 0.4283606804111193 0.11563546502533058 0.25403899893909654
0 0.5015194266380576 0.35602597859344887 0.09585856056618465 0.14816021967606638
1 0.8489170445843002 0.3432887504301857 0.10982964605161386 0.34458580545535256