0 0.5615796408103548 0.5662855174973748 0.11429337818437943 0.3445958944094362
0 0.521781983264514 0.7440602931652935 0.14894797942067986 0.3014490705732842
0 0.549035763040374 0.3703821547311318 0.09312734735393277 0.1564713250628355
0 0.47256068690594943 0.3284000469462401 0.023210275516274356 0.06318382502060108
0 0.8752478199901025 0.6533004742677875 0.1415021166887044 0.4374416703363943
0 0.9437123222892374 0.635495717277002 0.08977290818602886 0.2369676249443905
0 0.9688606218899818 0.43766808845640187 0.05371664706757192 0.09126865492729032
0 0.9636581850212129 0.4996324026208019 0.05634810945261511 0.09222151525048933
0 0.9890023437730687 0.37909804109719825 0.02121104402224887 0.04835284956742246
0 0.6076645601533744 0.3103588845997159 0.07102733755438541 0.20159928585774944
1 0.8205300900793099 0.4574237372286859 0.08223558005397298 0.22855887529869306
1 0.638287118384832 0.3953719983124858 0.07946985376122508 0.2053891796327266
1 0.6639908825183262 0.6844386542233761 0.1410543117737878 0.5105628840872696
1 0.7421003797290785 0.8043600615782259 0.12059132556859779 0.3912798768435481
0 0.51819442314832 0.8225035746343873 0.173611572063448 0.35499285073122533
0 0.30579366802275687 0.579375913546458 0.13953239559723396 0.4059494150960038
0 0.40552882198773366 0.6155819123882877 0.1354586895065881 0.3207480692724548
0 0.381459838684686 0.514437817844451 0.06759765528388648 0.22655619082211287
0 0.48949070443169873 0.5229603092989582 0.10367235338400722 0.443529909617691
0 0.9591543914890767 0.3468546248430242 0.05789289197918919 0.23293532159395708