0 0.5473958333333333 0.5550925925925926 0.09114583333333333 0.3333333333333333
0 0.509375 0.7384259259259259 0.12916666666666668 0.28425925925925927
0 0.5328125 0.36018518518518516 0.0828125 0.14537037037037037
0 0.45625 0.3287037037037037 0.01875 0.06111111111111111
0 0.8609375 0.6 0.1125 0.42314814814814816
0 0.9291666666666667 0.5726851851851852 0.07395833333333333 0.22777777777777777
0 0.95234375 0.3712962962962963 0.04791666666666667 0.08518518518518518
0 0.94765625 0.43425925925925923 0.050520833333333334 0.08518518518518518
0 0.971875 0.3101851851851852 0.018229166666666668 0.046296296296296294
0 0.5908854166666667 0.29259259259259257 0.0578125 0.19444444444444445
1 0.8044270833333333 0.4111111111111111 0.0671875 0.22037037037037038
1 0.6221354166666667 0.3736111111111111 0.065625 0.19722222222222222
1 0.6505208333333333 0.6597222222222222 0.10677083333333333 0.49722222222222223
1 0.73046875 0.7888888888888889 0.09270833333333334 0.4185185185185185
0 0.5067708333333333 0.8240740740740741 0.14947916666666666 0.3490740740740741
0 0.2921875 0.6023148148148149 0.1125 0.39166666666666666
0 0.3921875 0.625462962962963 0.11458333333333333 0.3055555555555556
0 0.3671875 0.5273148148148148 0.05260416666666667 0.22037037037037038
0 0.475 0.5212962962962963 0.07395833333333333 0.43425925925925923
0 0.9416666666666667 0.28194444444444444 0.0421875 0.22777777777777777