0 0.7165774041799714 0.6638888888888889 0.12798362613611355 0.43425925925925923
1 0.7502292473349894 0.4074074074074074 0.08947797365186716 0.2861111111111111
1 0.8062368377595329 0.48148148148148145 0.06869009211393215 0.3
0 0.8721646761019045 0.4685185185185185 0.09074386917583108 0.35462962962962963
0 0.9281515765694427 0.3101851851851852 0.04403820862475267 0.24722222222222223
0 0.9579828336279209 0.3458333333333333 0.05085146363379067 0.2601851851851852
1 0.633965239333621 0.44351851851851853 0.09528895355025048 0.3111111111111111
1 0.5026249826679263 0.8689814814814815 0.15554502387317726 0.262037037037037
0 0.6398842617792654 0.8629629629629629 0.13006358209585567 0.2740740740740741
0 0.7548295207889878 0.8319444444444445 0.11828743344863378 0.33611111111111114
0 0.8793921893741666 0.7268518518518519 0.16864464031853382 0.2861111111111111
0 0.5723444473428032 0.6523148148148148 0.1569957566984267 0.387037037037037
0 0.47470014419462686 0.7282407407407407 0.165047288900292 0.30092592592592593
0 0.384444818797198 0.6152777777777778 0.1265813752259554 0.32407407407407407
0 0.3649773749377044 0.5162037037037037 0.06322419860667618 0.2212962962962963
0 0.44765066305876594 0.4791666666666667 0.14011395153354253 0.3212962962962963
0 0.4946862594025058 0.4300925925925926 0.11235524876252233 0.2740740740740741
0 0.5362182593697739 0.39166666666666666 0.09495867050369118 0.2101851851851852
0 0.5981854791846167 0.31574074074074077 0.06527723074307754 0.21203703703703702
0 0.8809836491382013 0.638425925925926 0.16498971662612122 0.2833333333333333
0 0.9504426971464113 0.4217592592592593 0.07555754202354971 0.17037037037037037