0 0.7247395833333333 0.6365740740740741 0.11041666666666666 0.4212962962962963
1 0.7473958333333334 0.3763888888888889 0.078125 0.27685185185185185
1 0.80625 0.44351851851851853 0.05625 0.2935185185185185
0 0.8716145833333333 0.4222222222222222 0.07604166666666666 0.34629629629629627
0 0.9205729166666666 0.2574074074074074 0.033854166666666664 0.24351851851851852
0 0.9518229166666666 0.28935185185185186 0.04010416666666667 0.25555555555555554
1 0.6328125 0.42685185185185187 0.0828125 0.30185185185185187
1 0.5203125 0.8726851851851852 0.14479166666666668 0.25462962962962965
0 0.65703125 0.8574074074074074 0.11822916666666666 0.2851851851851852
0 0.7705729166666667 0.8069444444444445 0.10416666666666667 0.3398148148148148
0 0.88984375 0.6791666666666667 0.1578125 0.2675925925925926
0 0.5802083333333333 0.6425925925925926 0.14166666666666666 0.37037037037037035
0 0.4861979166666667 0.7305555555555555 0.153125 0.2824074074074074
0 0.39114583333333336 0.6291666666666667 0.11354166666666667 0.3111111111111111
0 0.36770833333333336 0.5328703703703703 0.05416666666666667 0.21481481481481482
0 0.4484375 0.48564814814814816 0.12760416666666666 0.30648148148148147
0 0.49322916666666666 0.4305555555555556 0.1015625 0.262037037037037
0 0.5330729166666667 0.3875 0.08645833333333333 0.2
0 0.5916666666666667 0.3037037037037037 0.05677083333333333 0.20555555555555555
0 0.8875 0.5907407407407408 0.15416666666666667 0.26481481481481484
0 0.94765625 0.36574074074074076 0.06875 0.16203703703703703