0 0.5893229166666667 0.30092592592592593 0.0578125 0.1925925925925926
1 0.6328125 0.42685185185185187 0.0828125 0.2972222222222222
0 0.69609375 0.8898148148148148 0.146875 0.22037037037037038
0 0.8888020833333333 0.5884259259259259 0.14791666666666667 0.2611111111111111
0 0.9302083333333333 0.47962962962962963 0.09166666666666666 0.19907407407407407
0 0.94453125 0.425462962962963 0.07291666666666667 0.21481481481481482
0 0.93828125 0.24259259259259258 0.0296875 0.2101851851851852
0 0.9622395833333334 0.2833333333333333 0.03854166666666667 0.21296296296296297
0 0.8901041666666667 0.662962962962963 0.15572916666666667 0.23425925925925925
0 0.7744791666666667 0.7564814814814815 0.1046875 0.2935185185185185
1 0.7434895833333334 0.4217592592592593 0.071875 0.3685185185185185
1 0.8057291666666667 0.42453703703703705 0.058333333333333334 0.25462962962962965
0 0.91953125 0.31296296296296294 0.0421875 0.28703703703703703
1 0.70546875 0.9402777777777778 0.16979166666666667 0.11944444444444445
0 0.5065104166666666 0.7527777777777778 0.19739583333333333 0.3527777777777778
0 0.39114583333333336 0.6291666666666667 0.11510416666666666 0.30833333333333335
0 0.3731770833333333 0.5407407407407407 0.06666666666666667 0.22962962962962963
0 0.44973958333333336 0.4861111111111111 0.13125 0.3111111111111111
0 0.4940104166666667 0.4356481481481482 0.10416666666666667 0.275
0 0.5322916666666667 0.4023148148148148 0.08385416666666666 0.23333333333333334