0 0.5771866335079578 0.37990819986242885 0.08579871494129682 0.2228338250505423
1 0.6374738021586528 0.4996292232800772 0.12558580735443267 0.3405626102339368
0 0.7664794191292732 0.9024422175216805 0.17816093491030596 0.19511556495663887
0 0.9081500366389543 0.6216049504996041 0.18369992672209132 0.3388886206883984
0 0.9331997807872955 0.5061728070340902 0.12038128589904176 0.24767806143227294
0 0.9392386406037324 0.4493965734824706 0.10404240116336018 0.2528971952021788
0 0.9064046039227611 0.27184545147943007 0.05968420784552227 0.2161160363808352
0 0.9356040002521016 0.3044154780575287 0.06967835149293886 0.23360851437600383
0 0.9133318864547957 0.6960418729392173 0.17333622709040858 0.31569041524153824
0 0.8227879826551081 0.8076939629226713 0.14712207509386915 0.34918230805420786
1 0.7441318056225062 0.4772789278497631 0.12508306280231452 0.40664536448246097
1 0.8046013179980946 0.4701953608532047 0.09497328243518836 0.2852100797342959
0 0.8985136670028021 0.34068375071744267 0.08405030199058507 0.30982360064993425
1 0.7828837631903021 0.9490784304299601 0.18657092055068933 0.10184313914007985
0 0.5629302328231759 0.8087007392051262 0.24801424902437788 0.3825985215897476
0 0.4331445438351546 0.7399434813519686 0.15927239250372668 0.368915912846657
0 0.40287444172835407 0.6538643885428804 0.09986478416711506 0.2649842895379278
0 0.46901313661005095 0.5871781508487462 0.17574600776804522 0.3802661270070606
0 0.5045027650318874 0.5299305667509633 0.1437895041361242 0.3301771958539038
0 0.5365541310781355 0.4904229512808419 0.11741648631265396 0.2774550670969716