0 0.924997205684755 0.4047805801424533 0.04590388751691942 0.2680877599062593
0 0.9687778832502771 0.3554427587336024 0.03805261309831446 0.15081602095267035
0 0.9624770200996681 0.4248066307986961 0.05149335183954757 0.2220756822578814
0 0.9793668304017478 0.47685039588155376 0.029866775138427688 0.09607505047138569
0 0.959811498301957 0.5375718140118723 0.07644058811369518 0.16731124570147307
0 0.9499381503168458 0.6155466536002371 0.09600481544235298 0.2073736441731211
0 0.9167573110711217 0.7076008594300971 0.15825719051925707 0.2683264822823297
0 0.903118708357943 0.8194767517084327 0.193762583284114 0.30921663474420996
0 0.7957314163036802 0.8562076114493676 0.11586163839055057 0.28758477710126473
0 0.7139694781992139 0.9174619702958292 0.13972064055001898 0.16507605940834166
1 0.7455023802141025 0.998888140321083 0.16464229333702488 0.00222371935783401
0 0.5389307037806089 0.8177605577736917 0.22388758842131223 0.3644788844526166
0 0.4138919293620041 0.6959341310154598 0.12898959592715684 0.33249815394073756
0 0.3891232652147172 0.6048469167429924 0.06709816625446076 0.238471299192591
0 0.46592679467208137 0.5596090764766185 0.14575639214347286 0.3380419764587312
0 0.5089762870124284 0.511530485609459 0.11547510949920058 0.28791746669111473
0 0.5481994733173378 0.47938383077484636 0.09510984577334843 0.22563284599724448
0 0.5983908371877696 0.39245370394908285 0.06787981544235298 0.20270594367400693
1 0.8208588214562574 0.5462641948588771 0.0705367458348718 0.2620516418313979
1 0.7572736854804977 0.5416939483562567 0.0905340695028921 0.38594110507164664
1 0.6465364445797964 0.5288380186097503 0.09733907772855967 0.3162007089417216