0 0.9182291666666667 0.2657407407407407 0.033854166666666664 0.2611111111111111
0 0.9645833333333333 0.2101851851851852 0.03125 0.14444444444444443
0 0.9552083333333333 0.28055555555555556 0.041666666666666664 0.21388888888888888
0 0.9697916666666667 0.33055555555555555 0.025520833333333333 0.09074074074074075
0 0.9471354166666667 0.39444444444444443 0.06927083333333334 0.1537037037037037
0 0.93359375 0.4740740740740741 0.08697916666666666 0.18981481481481483
0 0.89609375 0.5712962962962963 0.14739583333333334 0.2388888888888889
0 0.8770833333333333 0.6851851851851852 0.18125 0.27314814814814814
0 0.765625 0.7712962962962963 0.10052083333333334 0.33611111111111114
0 0.6791666666666667 0.8699074074074075 0.12760416666666666 0.2601851851851852
1 0.70703125 0.950925925925926 0.15989583333333332 0.09814814814814815
0 0.5096354166666667 0.7481481481481481 0.20729166666666668 0.3527777777777778
0 0.38984375 0.6277777777777778 0.11458333333333333 0.30925925925925923
0 0.3690104166666667 0.5393518518518519 0.05677083333333333 0.22685185185185186
0 0.44869791666666664 0.4837962962962963 0.13125 0.31203703703703706
0 0.4942708333333333 0.42962962962962964 0.103125 0.2675925925925926
0 0.53515625 0.39166666666666666 0.08541666666666667 0.20833333333333334
0 0.58984375 0.29768518518518516 0.058854166666666666 0.19074074074074074
1 0.8067708333333333 0.4222222222222222 0.058854166666666666 0.25
1 0.74296875 0.42592592592592593 0.0734375 0.3712962962962963
1 0.63203125 0.42824074074074076 0.08333333333333333 0.29907407407407405