0 0.934601792874062 0.3982427171644422 0.13079641425187608 0.2488319479054575
0 0.4670084333210294 0.4609776093524962 0.16371155202411766 0.34801605682522546
0 0.9001990615356221 0.05520353893984129 0.03871394715147052 0.11040707787968258
0 0.9047681469761294 0.19021828150740375 0.08533972547680596 0.32109820056865396
0 0.9444767941583616 0.3284500709907062 0.1019676177248679 0.20594067751548403
1 0.7447042334963707 0.3057876268722252 0.13058467406792243 0.39456231534669256
1 0.6418458464408767 0.35687072775339584 0.1121226701611917 0.31472675393286625
0 0.4212301634766836 0.6179346162414726 0.1446611633751696 0.3383244942397451
0 0.3937471103205373 0.5363745266539978 0.08184838217054301 0.2386530645709092
0 0.5425765371139423 0.7103338807511422 0.22658488998400467 0.40613400559840707
1 0.7544473820136595 0.8295960253512781 0.1765003464931714 0.19841063156110905
0 0.7263060929432767 0.7949649736795811 0.16999572691645165 0.2773611465646653
0 0.8102216147409879 0.6746999530236687 0.12971768301341247 0.29845466200208354
0 0.9170129762996804 0.5172501318946879 0.1659740474006393 0.2424777901021794
1 0.8153671869201433 0.31041648939889604 0.09161690571551659 0.2790715368311227
0 0.9512096514488744 0.13858023875304454 0.07797510949920057 0.27531281570457206
0 0.5048596851205863 0.39557250789651505 0.12775466481481518 0.28723036511996
0 0.5427307233173377 0.35244622154826233 0.1059270306386125 0.22931519720565663
0 0.5897237386889386 0.24367509139777152 0.08316405562323155 0.21750768263596254
0 0.9506577413621268 0.23191875873613071 0.07580643429924976 0.14309405124885166