0 0.91875 0.5430555555555555 0.11197916666666667 0.22037037037037038
0 0.45 0.4842592592592593 0.13385416666666666 0.3138888888888889
0 0.9166666666666666 0.18981481481481483 0.027604166666666666 0.11574074074074074
0 0.9078125 0.3300925925925926 0.05625 0.3074074074074074
0 0.9338541666666667 0.47638888888888886 0.084375 0.18425925925925926
1 0.7388020833333333 0.4027777777777778 0.0953125 0.37037037037037035
1 0.6322916666666667 0.4263888888888889 0.084375 0.2935185185185185
0 0.38984375 0.6268518518518519 0.11510416666666666 0.30925925925925923
0 0.3703125 0.5393518518518519 0.06041666666666667 0.22314814814814815
0 0.5010416666666667 0.7490740740740741 0.19270833333333334 0.35648148148148145
1 0.6989583333333333 0.9212962962962963 0.16145833333333334 0.1574074074074074
0 0.6744791666666666 0.8800925925925925 0.146875 0.23981481481481481
0 0.76875 0.7828703703703703 0.10364583333333334 0.2722222222222222
0 0.8924479166666667 0.6560185185185186 0.15364583333333334 0.20277777777777778
1 0.8080729166666667 0.425462962962963 0.06666666666666667 0.262037037037037
0 0.95859375 0.2912037037037037 0.053125 0.262037037037037
0 0.4934895833333333 0.42962962962962964 0.103125 0.2611111111111111
0 0.5348958333333333 0.39675925925925926 0.0859375 0.2074074074074074
0 0.5916666666666667 0.3013888888888889 0.0640625 0.20092592592592592
0 0.94921875 0.38287037037037036 0.06354166666666666 0.12685185185185185