0 0.5524683061711066 0.3534737634159008 0.09686072173820483 0.2652286782647637
0 0.391108133786018 0.5549199756086578 0.1429405380925142 0.3495006281047099
0 0.49234724980158917 0.6819698883222994 0.21638204587816917 0.422389356678921
0 0.6793232851230132 0.8498549210852075 0.16158758652230365 0.1549977819025131
0 0.9402143509718764 0.2565613544252908 0.06167137560465174 0.2747147678831353
0 0.9668262292600522 0.28008846692649875 0.0663475414798955 0.26065745039288646
0 0.7554829644579961 0.7360085707282125 0.12811472952385994 0.33287289594321146
1 0.7557695891393211 0.3708797542992105 0.10636497492717538 0.4013203221232907
1 0.8204279131473816 0.41526305572228445 0.08646879101767695 0.29720232358808446
1 0.6445186310149279 0.3814625083269322 0.11351624148831903 0.330134052670602
0 0.6054660568749637 0.2434345826250965 0.08297607037904081 0.2108322242845899
0 0.602905444026194 0.5174568159225386 0.1116833989616166 0.4722086688784278
0 0.4582573088102929 0.41667898858228103 0.16239322785233815 0.3630073799953672
0 0.5076283886686792 0.37203734603915417 0.10057675512429967 0.30172827166445
0 0.37889284817861735 0.46226580861314104 0.08143830632517937 0.24390656942553976
0 0.6388988658171603 0.8033868078516028 0.128894758467343 0.25350225450596536
0 0.8860565763169321 0.646479419411816 0.17783236364019242 0.2900792855344342
0 0.918820387260965 0.5278218888615905 0.11494391484107211 0.2268188312554733
0 0.9345095756352442 0.4660277611003014 0.0976200225212042 0.21634884533497722
0 0.9655509793697872 0.3856245552294702 0.0661482754463672 0.16715839912695202