0 0.5390625 0.41064814814814815 0.075 0.23703703703703705
0 0.39036458333333335 0.6305555555555555 0.11458333333333333 0.3074074074074074
0 0.49921875 0.7444444444444445 0.18385416666666668 0.35462962962962963
0 0.6986979166666667 0.9189814814814815 0.14791666666666667 0.16203703703703703
0 0.9200520833333333 0.26666666666666666 0.03697916666666667 0.2611111111111111
0 0.95546875 0.2851851851851852 0.059375 0.23981481481481481
0 0.7653645833333333 0.7652777777777777 0.10052083333333334 0.2953703703703704
1 0.74296875 0.4027777777777778 0.07135416666666666 0.375
1 0.81015625 0.4388888888888889 0.0609375 0.275
1 0.6325520833333333 0.4273148148148148 0.0859375 0.29814814814814816
0 0.58515625 0.2949074074074074 0.065625 0.18611111111111112
0 0.5994791666666667 0.5671296296296297 0.06979166666666667 0.4462962962962963
0 0.44895833333333335 0.48518518518518516 0.13333333333333333 0.3138888888888889
0 0.4953125 0.43472222222222223 0.075 0.2740740740740741
0 0.3723958333333333 0.5402777777777777 0.0609375 0.2212962962962963
0 0.6552083333333333 0.8699074074074075 0.10572916666666667 0.2601851851851852
0 0.8901041666666667 0.6601851851851852 0.15677083333333333 0.2324074074074074
0 0.9153645833333334 0.538425925925926 0.09739583333333333 0.19074074074074074
0 0.9270833333333334 0.475 0.08072916666666667 0.18611111111111112
0 0.953125 0.39166666666666666 0.05260416666666667 0.14814814814814814