0 0.6267034656263212 0.8810185185185185 0.14139163934065285 0.23796296296296296
0 0.4823000043210415 0.7388888888888889 0.22342154844057566 0.4083333333333333
0 0.29679669913754125 0.5078703703703704 0.1936146670209818 0.47129629629629627
0 0.8794376248786141 0.8185185185185185 0.1852459786054851 0.287962962962963
0 0.9718546406587637 0.5712962962962963 0.05629071868247261 0.14629629629629629
1 0.6808683598974963 0.9263888888888889 0.20389518413163615 0.14722222222222223
0 0.9659477427627837 0.4810185185185185 0.06810451447443265 0.26944444444444443
0 0.9110055283641716 0.7074074074074074 0.1412103633203562 0.25277777777777777
0 0.9518321637257046 0.44351851851851853 0.07323586463846728 0.2638888888888889
1 0.8235966210766515 0.5523148148148148 0.09730030963212452 0.26851851851851855
1 0.7613742837889854 0.5189814814814815 0.12053176648878008 0.3731481481481482
0 0.6168067925090764 0.35833333333333334 0.09891675166003229 0.24814814814814815
0 0.5567597442580522 0.4199074074074074 0.11085347366256926 0.2462962962962963
0 0.46691422186256054 0.4652777777777778 0.18414859751541926 0.3537037037037037
0 0.5097304392517095 0.42453703703703705 0.1063030326232448 0.275
1 0.6490564460070279 0.48148148148148145 0.1255933158931512 0.3212962962962963
0 0.7467033793272383 0.8560185185185185 0.13889181193881867 0.287962962962963
0 0.9394939666025107 0.6550925925925926 0.10277658070950509 0.21203703703703702