0 0.6565104166666667 0.8629629629629629 0.10416666666666667 0.2740740740740741
0 0.49661458333333336 0.7467592592592592 0.17447916666666666 0.3472222222222222
0 0.2916666666666667 0.5935185185185186 0.13177083333333334 0.42962962962962964
0 0.8916666666666667 0.6662037037037037 0.153125 0.2324074074074074
0 0.9596354166666666 0.38472222222222224 0.04479166666666667 0.13148148148148148
1 0.7166666666666667 0.9050925925925926 0.18125 0.18981481481481483
0 0.9528645833333333 0.2949074074074074 0.05520833333333333 0.2537037037037037
0 0.9109375 0.5439814814814815 0.1109375 0.21388888888888888
0 0.9231770833333334 0.26851851851851855 0.035416666666666666 0.2564814814814815
1 0.8096354166666667 0.4263888888888889 0.0609375 0.25092592592592594
1 0.7455729166666667 0.4185185185185185 0.06875 0.35462962962962963
0 0.5877604166666667 0.31851851851851853 0.06614583333333333 0.22777777777777777
0 0.5356770833333333 0.40324074074074073 0.07916666666666666 0.22037037037037038
0 0.453125 0.4837962962962963 0.14114583333333333 0.30462962962962964
0 0.4903645833333333 0.4263888888888889 0.06979166666666667 0.2537037037037037
1 0.63203125 0.42685185185185187 0.0828125 0.2953703703703704
0 0.7669270833333334 0.7611111111111111 0.1015625 0.26296296296296295
0 0.9333333333333333 0.48148148148148145 0.0765625 0.18611111111111112