0 0.4921875 0.42824074074074076 0.07135416666666666 0.25925925925925924
0 0.7700520833333333 0.7944444444444444 0.1046875 0.2851851851851852
1 0.8083333333333333 0.4476851851851852 0.059895833333333336 0.2722222222222222
0 0.3223958333333333 0.6 0.10364583333333334 0.31851851851851853
0 0.9565104166666667 0.27870370370370373 0.0609375 0.22407407407407406
0 0.9739583333333334 0.32916666666666666 0.023958333333333335 0.08888888888888889
0 0.8927083333333333 0.6574074074074074 0.14791666666666667 0.21851851851851853
0 0.5044270833333333 0.7467592592592592 0.17135416666666667 0.35462962962962963
0 0.39427083333333335 0.6342592592592593 0.11875 0.31296296296296294
1 0.7091145833333333 0.888425925925926 0.17916666666666667 0.22314814814814815
0 0.92421875 0.4810185185185185 0.07916666666666666 0.19074074074074074
1 0.6325520833333333 0.4263888888888889 0.08229166666666667 0.28703703703703703
0 0.58828125 0.3023148148148148 0.057291666666666664 0.20185185185185187
0 0.4515625 0.48518518518518516 0.13697916666666668 0.31203703703703706
0 0.6565104166666667 0.8703703703703703 0.10729166666666666 0.25925925925925924
1 0.74453125 0.4263888888888889 0.07135416666666666 0.33055555555555555
0 0.5359375 0.40555555555555556 0.08020833333333334 0.23333333333333334
0 0.37109375 0.5143518518518518 0.059375 0.1824074074074074
0 0.9276041666666667 0.2657407407407407 0.04791666666666667 0.24814814814814815
0 0.9513020833333333 0.3851851851851852 0.06041666666666667 0.1287037037037037
0 0.9088541666666666 0.5444444444444444 0.10104166666666667 0.2111111111111111