0 0.5006864481547654 0.5101789496508551 0.1056116865064278 0.29978162593188834
0 0.7190266874883864 0.9244379011517775 0.14147343351409775 0.15112419769644492
1 0.8043455697728201 0.7157518587523873 0.09626092746397343 0.3056331331729243
0 0.31235805767257163 0.5729559889067762 0.1449075057228047 0.3775608395880656
0 0.9624883528193796 0.6410169189603805 0.07267192147931306 0.25544708646069947
0 0.9807915837915807 0.701029944288502 0.035210965781426753 0.10208770247112334
0 0.8569461854389464 0.9060358105619037 0.17434047566857533 0.18792837887619257
0 0.468407722518922 0.7963708791516831 0.21594991731496915 0.40725824169663377
0 0.3772531460804071 0.6476497400621334 0.15897303584249786 0.3808206157635486
1 0.6470229074014251 0.9551890826395206 0.20475754000684201 0.08962183472095872
0 0.912150320846638 0.8156323745591691 0.1033223050339565 0.23647290737639853
1 0.6369523688875802 0.5916222372576688 0.1197772105759969 0.3335969576629269
0 0.6113667352347409 0.44794844049922966 0.083533668486983 0.2341141551733179
0 0.4534267965806773 0.5403191923328949 0.17670561013337693 0.3911669457074355
0 0.5986535850945224 0.9330159463851453 0.1403105620597027 0.13396810722970953
1 0.7456489693302001 0.6578361151153519 0.11521394548341822 0.37078197054270423
0 0.5462699702403583 0.5145016124966421 0.11022949375348408 0.2792632797187779
0 0.37141675741852975 0.5202235843956635 0.08295526287947877 0.2164351236825936
0 0.9453811509912494 0.6136273982849958 0.08106282708681742 0.2744227014234001
0 0.9517383729864602 0.7411399928495975 0.07653557617665925 0.163546005053161
0 0.8882721120582256 0.866107798544843 0.12737457207777916 0.26778440291031397