0 0.9025814103984026 0.5986212483849747 0.1267469507974307 0.2771339019727337
0 0.41005317312662015 0.6471837327146341 0.19600696802113451 0.4090123198386963
0 0.32677914602449043 0.7458638998559972 0.1251974442750002 0.35717561524569547
0 0.39419697410196725 0.74152843815433 0.14557055692696774 0.3658132146795582
0 0.5150920087712382 0.6609471322587281 0.17921951152412063 0.4361765163291316
0 0.5333187803331709 0.8208367512418988 0.20115555964967616 0.3583264975162024
0 0.8895761480191315 0.8341686477111175 0.1693946714787965 0.28093128577764565
0 0.8780461681874071 0.7376693390449254 0.1942976912356483 0.2784567642831409
0 0.9202178794965508 0.5278357649195023 0.11315635853560195 0.23104617204124506
0 0.9320650047496527 0.42063187479061903 0.05135772340407409 0.11356947552950866
0 0.8830774537743055 0.31349249651433253 0.047591535713981635 0.18301492979120987
1 0.7651803149076616 0.8783760953544368 0.24799288563773178 0.2432478092911264
1 0.6072873119307869 0.5190038530142587 0.11553150354555583 0.33310356080613446
1 0.7934012418318749 0.4823898911585443 0.08826589678273157 0.27415866581997206
1 0.7464346696435415 0.5399615494232971 0.1044970233024074 0.3235380158118325
0 0.473917393269479 0.5154316975588901 0.11228484276803244 0.2835156444494666
0 0.5148580145332985 0.4594559798219489 0.0998324619424307 0.205328812480127
0 0.5598687576942244 0.3717922338732319 0.08217261873067135 0.2055383886621914
0 0.43931141198162016 0.5861179469282422 0.14227584150145844 0.35223364097748233