0 0.9096354166666667 0.5467592592592593 0.103125 0.22407407407407406
0 0.4122395833333333 0.538425925925926 0.16145833333333334 0.32685185185185184
0 0.32057291666666665 0.6263888888888889 0.0921875 0.30925925925925923
0 0.3885416666666667 0.6296296296296297 0.1125 0.30833333333333335
0 0.51640625 0.5638888888888889 0.140625 0.3638888888888889
0 0.5153645833333333 0.7921296296296296 0.15729166666666666 0.41574074074074074
0 0.8768229166666667 0.7773148148148148 0.1484375 0.20555555555555555
0 0.8734375 0.6810185185185185 0.17552083333333332 0.18981481481481483
0 0.9333333333333333 0.4787037037037037 0.09375 0.18333333333333332
0 0.9544270833333334 0.37453703703703706 0.041666666666666664 0.09259259259259259
0 0.9143229166666667 0.26296296296296295 0.029166666666666667 0.1675925925925926
1 0.74296875 0.8703703703703703 0.221875 0.25925925925925924
1 0.6208333333333333 0.43425925925925923 0.084375 0.2898148148148148
1 0.81015625 0.41944444444444445 0.06197916666666667 0.24166666666666667
1 0.7583333333333333 0.4708333333333333 0.07395833333333333 0.2851851851851852
0 0.4875 0.41574074074074074 0.08697916666666666 0.2388888888888889
0 0.5330729166666667 0.36527777777777776 0.0828125 0.16296296296296298
0 0.5856770833333333 0.28379629629629627 0.06354166666666666 0.17314814814814813
0 0.446875 0.48148148148148145 0.1109375 0.2953703703703704