1 0.62109375 0.42916666666666664 0.10364583333333334 0.287962962962963
0 0.8763020833333334 0.4212962962962963 0.07447916666666667 0.3768518518518518
1 0.6268229166666667 0.9125 0.11822916666666666 0.175
0 0.9442708333333333 0.26944444444444443 0.084375 0.24259259259259258
0 0.95546875 0.2824074074074074 0.06197916666666667 0.22962962962962963
0 0.88125 0.6680555555555555 0.16458333333333333 0.1787037037037037
0 0.66875 0.8564814814814815 0.13489583333333333 0.28703703703703703
0 0.7614583333333333 0.8287037037037037 0.10729166666666666 0.3175925925925926
1 0.81015625 0.41944444444444445 0.0671875 0.24722222222222223
0 0.5286458333333334 0.7768518518518519 0.12291666666666666 0.39444444444444443
0 0.39401041666666664 0.6337962962962963 0.12395833333333334 0.3175925925925926
0 0.32083333333333336 0.6138888888888889 0.09739583333333333 0.33796296296296297
0 0.37109375 0.5370370370370371 0.058854166666666666 0.23148148148148148
0 0.4513020833333333 0.4837962962962963 0.13541666666666666 0.31203703703703706
0 0.49244791666666665 0.4287037037037037 0.07135416666666666 0.262037037037037
0 0.53359375 0.3976851851851852 0.07395833333333333 0.21203703703703702
0 0.5825520833333333 0.2791666666666667 0.0515625 0.17592592592592593
0 0.9078125 0.5453703703703704 0.10625 0.22037037037037038
0 0.9247395833333333 0.4773148148148148 0.08072916666666667 0.1824074074074074
0 0.9591145833333333 0.33425925925925926 0.04010416666666667 0.08981481481481482
0 0.95 0.3921296296296296 0.0578125 0.14907407407407408