1 0.6488998925501784 0.4586024615523466 0.1244014786326332 0.2951371784301237
0 0.9041082258835118 0.4691625324729231 0.10176816802785661 0.3819363784753088
1 0.6794226921584695 0.9250635551037041 0.1306016236867381 0.14987288979259175
0 0.9564470711933576 0.32249180040004255 0.08710585761328483 0.24896941494942407
0 0.9684110760180676 0.33638107637656517 0.06317784796386476 0.23413227479419763
0 0.9165308873647381 0.7160187719753306 0.1669382252705238 0.1902081550142801
0 0.7186625900842932 0.8702084124153298 0.15524682783509056 0.25958317516934054
0 0.8103017731780812 0.8525046116438997 0.13047578477343033 0.2949907767122006
1 0.8377311635230112 0.4627218307959271 0.08534181874366785 0.25196193020337454
0 0.5745997623718003 0.7989259569670889 0.15141962042048504 0.40214808606582225
0 0.4320750752085667 0.646805134074157 0.14714245144009688 0.3265547805914404
0 0.3577710343788962 0.62156574873177 0.12179390383272519 0.3449001156135393
0 0.4041014096170291 0.5482147999529223 0.07550492871154 0.23585481965518532
0 0.4816800807885412 0.5010922675872846 0.1582539412326793 0.3214733506690537
0 0.519993926561282 0.4491126570951036 0.09043340151900368 0.26694915433934163
0 0.5595214407155477 0.4207333821314617 0.08939514298557848 0.2170353589999178
0 0.6022377263597777 0.30613562731862226 0.06422399330403057 0.17997599662246916
0 0.9404795970726322 0.5954125000512771 0.11904080585473574 0.22855671642403322
0 0.9543411917293779 0.5285526470735816 0.09131761654124422 0.18859026927794242
0 0.9795180216329948 0.3883622352192813 0.04096395673401029 0.09244328278711936
0 0.9709956786706743 0.445370946071524 0.05800864265865139 0.15338275875234572