1 0.6213541666666667 0.4273148148148148 0.10260416666666666 0.287962962962963
1 0.66171875 0.9254629629629629 0.15104166666666666 0.14907407407407408
1 0.8052083333333333 0.4134259259259259 0.06302083333333333 0.24537037037037038
0 0.921875 0.2490740740740741 0.03177083333333333 0.23703703703703705
0 0.9552083333333333 0.27546296296296297 0.03697916666666667 0.22777777777777777
0 0.8708333333333333 0.4027777777777778 0.065625 0.39166666666666666
0 0.9450520833333333 0.4009259259259259 0.07291666666666667 0.17037037037037037
0 0.9255208333333333 0.4740740740740741 0.07916666666666666 0.1925925925925926
0 0.9091145833333333 0.5402777777777777 0.1046875 0.20833333333333334
0 0.87734375 0.7041666666666667 0.16458333333333333 0.2111111111111111
0 0.6661458333333333 0.8685185185185185 0.12604166666666666 0.26296296296296295
0 0.7591145833333334 0.7925925925925926 0.0953125 0.4074074074074074
0 0.5296875 0.7787037037037037 0.12239583333333333 0.38796296296296295
0 0.32369791666666664 0.6171296296296296 0.09947916666666666 0.3333333333333333
0 0.3723958333333333 0.5361111111111111 0.06041666666666667 0.23055555555555557
0 0.39453125 0.6342592592592593 0.121875 0.3138888888888889
0 0.45260416666666664 0.48703703703703705 0.13802083333333334 0.3074074074074074
0 0.49166666666666664 0.42916666666666664 0.071875 0.2611111111111111
0 0.5856770833333333 0.28194444444444444 0.0578125 0.1824074074074074
0 0.5330729166666667 0.3912037037037037 0.078125 0.1962962962962963