1 0.6174479166666667 0.5241676582476477 0.11614583333333334 0.3244798559854128
1 0.68203125 0.9625975483507655 0.1578125 0.074804903298469
1 0.7997395833333333 0.5160995863430058 0.075 0.26864352766505306
0 0.9080729166666667 0.3543974390608397 0.043229166666666666 0.2488181958583806
0 0.9424479166666667 0.3816538089937422 0.04791666666666667 0.2413607311522613
0 0.8645833333333334 0.5073824356861323 0.084375 0.4157656352898515
0 0.9385416666666667 0.5077757703229157 0.08125 0.19666320435319026
0 0.92265625 0.5807334747899499 0.08854166666666667 0.22024788888441213
0 0.9096354166666667 0.6468190248995407 0.11458333333333333 0.24548419607263786
0 0.8859375 0.8104465779508478 0.17447916666666666 0.26871288779074226
0 0.68359375 0.9076252062480858 0.13854166666666667 0.18474958750382822
0 0.7723958333333333 0.837386834676917 0.11510416666666666 0.3252263306461659
0 0.5432291666666667 0.8293435618072229 0.14114583333333333 0.3413128763855542
0 0.3302083333333333 0.7056815603318878 0.115625 0.36882698169350003
0 0.37473958333333335 0.6255763863644948 0.07135416666666666 0.2522215557698128
0 0.4015625 0.72503274573133 0.13697916666666668 0.35707630914340094
0 0.45208333333333334 0.578917107602414 0.15260416666666668 0.3562921675304105
0 0.48828125 0.5217918708903442 0.084375 0.2870619315861478
0 0.5747395833333333 0.37683567001451296 0.06666666666666667 0.20319753899445062
0 0.5276041666666667 0.4851579540038242 0.0875 0.22375695511540158