0 0.528125 0.775 0.12239583333333333 0.3962962962962963
0 0.39427083333333335 0.6351851851851852 0.1234375 0.3194444444444444
0 0.3255208333333333 0.6152777777777778 0.1 0.337037037037037
0 0.3734375 0.5398148148148149 0.06145833333333333 0.2324074074074074
0 0.45234375 0.4875 0.1375 0.3111111111111111
0 0.4921875 0.4310185185185185 0.06927083333333334 0.2657407407407407
0 0.5369791666666667 0.3990740740740741 0.06927083333333334 0.27685185185185185
0 0.5854166666666667 0.2972222222222222 0.057291666666666664 0.2111111111111111
0 0.90703125 0.5513888888888889 0.103125 0.18888888888888888
0 0.9458333333333333 0.3925925925925926 0.06510416666666667 0.1574074074074074
0 0.92890625 0.4777777777777778 0.07760416666666667 0.18981481481481483
0 0.6536458333333334 0.6990740740740741 0.1109375 0.49907407407407406
0 0.8625 0.7027777777777777 0.20052083333333334 0.23148148148148148
0 0.9606770833333333 0.3402777777777778 0.04479166666666667 0.10648148148148148
1 0.6921875 0.9402777777777778 0.16822916666666668 0.11944444444444445
1 0.8109375 0.43333333333333335 0.07083333333333333 0.2175925925925926
1 0.6213541666666667 0.36898148148148147 0.06458333333333334 0.16944444444444445
0 0.9268229166666667 0.24675925925925926 0.04010416666666667 0.2351851851851852
0 0.95234375 0.274537037037037 0.04375 0.2361111111111111