0 0.5691219119494648 0.7925953336416156 0.15363415504738284 0.41480933271676873
0 0.4252337335210715 0.664688667396194 0.14856436412062876 0.3398625621967081
0 0.35550764750581426 0.6502482883579634 0.12675125422015796 0.35375067691032946
0 0.3971125453990137 0.5710831700418318 0.07974533556946307 0.2427242221092595
0 0.47149530769056824 0.5122249298635398 0.16237192261875144 0.33396296217411553
0 0.5065733634227331 0.4522025396798361 0.09046788350795781 0.27737140234111124
0 0.5483457215072434 0.41695424934975384 0.09142575941593804 0.28850406461736644
0 0.5886340165117125 0.31092650359919843 0.07418375042016928 0.2203080394007408
0 0.9277762527403329 0.5385003823545488 0.11831985322486555 0.20549477293646104
0 0.9539001682049008 0.3764214042501249 0.07783696485726305 0.16776732443954748
0 0.9437820017063018 0.462898110993417 0.09272617946242434 0.20258691399255158
0 0.6879303541492379 0.7069888337799805 0.15034871198164648 0.5174248283230453
0 0.8928380563624188 0.6933870776153717 0.2143238872751624 0.2642191239434571
0 0.9645300023201636 0.322782741129487 0.05336517929435658 0.11406284656057626
1 0.7451159654198751 0.9355727819413173 0.177895285730974 0.12885443611736533
1 0.8230853048405767 0.4283224889632317 0.08805319901782127 0.229201703027819
1 0.6298161487335379 0.3796509194494865 0.07778959431313055 0.17978281031144042
0 0.9235336617229881 0.2323421683502277 0.05891200223612974 0.24186217550349803
0 0.9510612974086666 0.2579783148096105 0.06259425578401713 0.2429389595854321