0 0.9497395833333333 0.3574074074074074 0.059375 0.14166666666666666
0 0.9067708333333333 0.5365740740740741 0.10833333333333334 0.19722222222222222
0 0.92578125 0.47962962962962963 0.10104166666666667 0.19074074074074074
0 0.9244791666666666 0.2490740740740741 0.034375 0.23148148148148148
0 0.9510416666666667 0.274537037037037 0.04010416666666667 0.2324074074074074
0 0.9479166666666666 0.39675925925925926 0.06666666666666667 0.14166666666666666
0 0.42942708333333335 0.5226851851851851 0.10729166666666666 0.2953703703703704
0 0.8645833333333334 0.6976851851851852 0.20416666666666666 0.24166666666666667
0 0.5309895833333333 0.3574074074074074 0.07083333333333333 0.1648148148148148
0 0.53515625 0.4935185185185185 0.10260416666666666 0.3194444444444444
0 0.4901041666666667 0.41435185185185186 0.06666666666666667 0.22870370370370371
0 0.43385416666666665 0.46111111111111114 0.09739583333333333 0.2601851851851852
0 0.37916666666666665 0.5611111111111111 0.06302083333333333 0.19537037037037036
0 0.31588541666666664 0.6203703703703703 0.09166666666666666 0.32407407407407407
0 0.5848958333333333 0.27870370370370373 0.057291666666666664 0.17685185185185184
0 0.5291666666666667 0.775 0.12604166666666666 0.3962962962962963
1 0.6213541666666667 0.42962962962962964 0.10260416666666666 0.2861111111111111
1 0.69375 0.4351851851851852 0.07604166666666666 0.23703703703703705
1 0.7341145833333333 0.9125 0.19739583333333333 0.175
0 0.3963541666666667 0.6337962962962963 0.1234375 0.3175925925925926