0 0.9622875643635758 0.5618326218328636 0.0675115853584226 0.1591190687751986
0 0.9159582124259208 0.7277074668636732 0.11975365347636806 0.2281689660210696
0 0.9359788762800806 0.6763586621162657 0.112316483603486 0.21962744630869646
0 0.9392716829370081 0.447481189850422 0.047848893464012575 0.24190885099319592
0 0.9653563411944269 0.48015428662150567 0.05361443593223309 0.24465179108466373
0 0.9596751334799295 0.6006579215431244 0.07482143992586619 0.16117910700609026
0 0.4387401182645417 0.5805584908165143 0.12480657095872492 0.3268031622999173
0 0.8705762797564488 0.8629149013026873 0.21825894875709556 0.27417019739462534
0 0.5435607085867331 0.4450123365108349 0.0804844707786233 0.18513733537207117
0 0.5451926633342784 0.5809614315783794 0.12161543514481536 0.3493842542955825
0 0.5016104810302423 0.4901810265655675 0.08015874803145605 0.24785727426968412
0 0.44431055014659615 0.5205004839885856 0.11262072159431351 0.28798394878364836
0 0.38780510084134645 0.6044831411044157 0.07429565027015243 0.21371386071851825
0 0.323449946001134 0.6457055232595051 0.11073249884714637 0.3504608636159118
0 0.5991823962765194 0.38212345563684297 0.06766370435383635 0.19329732001267466
0 0.5335070033193062 0.8209243084724684 0.1492212612783 0.3581513830550631
1 0.6324372029899921 0.5419145134928648 0.1193981707168452 0.31580789689689936
1 0.7048545321187015 0.5674859763616986 0.09025464827333589 0.2595816118687514
1 0.7355266900389569 0.9682461112442787 0.2067741522669692 0.06350777751144245
0 0.4036012374709463 0.6817108617034555 0.1419461230455924 0.3534694930710558