0 0.5375328819644399 0.2660290992276561 0.09429561844469087 0.18776442975544555
0 0.4932946267718722 0.3464679693362979 0.08296999280177222 0.2615031390932233
0 0.4461316306786029 0.4329484431311949 0.12036906487633867 0.33637512099714634
0 0.45319855695828803 0.5272887943861194 0.10767580043066355 0.3003336852586554
0 0.4050210744370626 0.5710956675666405 0.11096688463762826 0.3772665451322904
0 0.35352183014335026 0.5954001734486705 0.12913629292481896 0.34970828638271567
0 0.902145742981728 0.49250046759372046 0.19570851403654407 0.31564420137569194
0 0.5758893810385144 0.4001964376853791 0.12060270049218692 0.342856602478628
0 0.9471225295588782 0.11386727900145725 0.07682791538082961 0.16294995083615887
0 0.9196898450012312 0.3118064010317452 0.13366470337147807 0.2454488591756923
0 0.9370617142180392 0.24159846657435155 0.10913896925679864 0.22598174943292154
0 0.9459702413621268 0.15455009688815136 0.08064063129691164 0.1681466366182713
0 0.9360856983850131 0.08545748844830056 0.08296999280177222 0.17091497689660112
0 0.9086053441798944 0.07202851942537873 0.059265480669373954 0.14405703885075746
0 0.5309762016734351 0.5272961401883418 0.13977880217792607 0.4581687980733056
0 0.6825506950412217 0.6275595221827183 0.13591951881383105 0.4373123795722357
1 0.662013055466348 0.762506929757725 0.12193236325212288 0.26480096294919026
1 0.6306312415159352 0.3060193620822517 0.12927679364464192 0.3248703024262823
1 0.7128200796819251 0.23224791440521503 0.10272048992248131 0.3640143877685045
0 0.5740354829826508 0.18167225284227903 0.07547187075796748 0.21153797677953337