0 0.53515625 0.3541666666666667 0.07760416666666667 0.15833333333333333
0 0.48359375 0.4166666666666667 0.0578125 0.2388888888888889
0 0.42864583333333334 0.4837962962962963 0.08854166666666667 0.30277777777777776
0 0.42578125 0.5791666666666667 0.0796875 0.27037037037037037
0 0.37421875 0.6041666666666666 0.07447916666666667 0.34814814814814815
0 0.32135416666666666 0.6087962962962963 0.09635416666666667 0.31296296296296294
0 0.8729166666666667 0.7125 0.18020833333333333 0.24814814814814815
0 0.5588541666666667 0.5 0.08854166666666667 0.30925925925925923
0 0.9510416666666667 0.35648148148148145 0.06197916666666667 0.1398148148148148
0 0.9036458333333334 0.5402777777777777 0.1125 0.20277777777777778
0 0.9278645833333333 0.4777777777777778 0.0890625 0.1925925925925926
0 0.9455729166666667 0.3958333333333333 0.065625 0.14351851851851852
0 0.9479166666666666 0.2800925925925926 0.0578125 0.2388888888888889
0 0.9231770833333334 0.2490740740740741 0.034375 0.23703703703703705
0 0.5018229166666667 0.6078703703703704 0.09583333333333334 0.4212962962962963
0 0.6393229166666666 0.7615740740740741 0.09427083333333333 0.4009259259259259
1 0.6052083333333333 0.8861111111111111 0.09791666666666667 0.22777777777777777
1 0.6221354166666667 0.42777777777777776 0.09947916666666666 0.28703703703703703
1 0.7098958333333333 0.38564814814814813 0.0671875 0.33796296296296297
0 0.5796875 0.2851851851851852 0.05572916666666667 0.18981481481481483