0 0.9505208333333334 0.3560185185185185 0.06510416666666667 0.1398148148148148
0 0.9236979166666667 0.24675925925925926 0.04010416666666667 0.22962962962962963
0 0.9557291666666666 0.27824074074074073 0.043229166666666666 0.23148148148148148
0 0.94609375 0.39351851851851855 0.06302083333333333 0.14351851851851852
0 0.93046875 0.47638888888888886 0.08020833333333334 0.18981481481481483
0 0.9046875 0.538425925925926 0.11145833333333334 0.19722222222222222
0 0.8677083333333333 0.7175925925925926 0.18177083333333333 0.2361111111111111
0 0.678125 0.888425925925926 0.16770833333333332 0.22314814814814815
1 0.6661458333333333 0.9319444444444445 0.13854166666666667 0.1361111111111111
0 0.74296875 0.7912037037037037 0.10989583333333333 0.3675925925925926
1 0.6223958333333334 0.42916666666666664 0.103125 0.287962962962963
1 0.82578125 0.46111111111111114 0.06979166666666667 0.3787037037037037
0 0.5322916666666667 0.48564814814814816 0.0953125 0.2657407407407407
0 0.32447916666666665 0.6060185185185185 0.09583333333333334 0.30925925925925923
0 0.37578125 0.5532407407407407 0.07291666666666667 0.25462962962962965
0 0.44114583333333335 0.43472222222222223 0.11197916666666667 0.20925925925925926
0 0.4434895833333333 0.5509259259259259 0.10520833333333333 0.20462962962962963
0 0.4979166666666667 0.4550925925925926 0.08385416666666666 0.3148148148148148
0 0.5346354166666667 0.3712962962962963 0.08020833333333334 0.16018518518518518
0 0.57734375 0.28564814814814815 0.05625 0.18981481481481483