0 0.9216203382779107 0.3192684489968924 0.08374757768007868 0.16361476255056204
0 0.8900353265123596 0.21543294838562257 0.07082225323735875 0.2435434209421757
0 0.92365037711795 0.2408821310914765 0.07407479899499307 0.24661235304930368
0 0.9188142886306329 0.3575973234797015 0.08231262343771324 0.1662469631636648
0 0.9067874534772955 0.44295628590665787 0.10548429566101306 0.21911391795192559
0 0.8835892414556437 0.5096065641451791 0.13797788828760887 0.23781472770772705
0 0.8541678271082517 0.6947025723198812 0.21353050061205583 0.3020157361333064
0 0.6718500074570944 0.8792265844166878 0.19766105939958198 0.24154683116662454
1 0.6616513281631856 0.9262274879796596 0.1569086855592194 0.14754502404068084
0 0.7325693911463829 0.7912402180982134 0.15921481566489248 0.40666898906083715
1 0.596408062870412 0.4530936847722116 0.14145348869349092 0.32480323902320557
1 0.8012018080224562 0.4470672419015349 0.12015231566489248 0.4030295599439593
0 0.5088338116060714 0.5262995621198324 0.13097309212732508 0.2998557019610808
0 0.30592173170333936 0.6850027941088532 0.13713797566359934 0.3437624262520663
0 0.3550765798865682 0.6226306538001025 0.1067703175815178 0.2810053778242874
0 0.41545047342478225 0.49249214365698796 0.14009308657069183 0.2499973419094391
0 0.4226998397354939 0.6080086128262406 0.13250381313621135 0.24283650032614038
0 0.47307165478833046 0.5020451654166339 0.12576467283535575 0.3445467122296341
0 0.506229430042815 0.41214575037053086 0.10151964091291153 0.1892416597145041
0 0.5453076906004181 0.3186134515949033 0.08170667364065451 0.20952285307439145