1 0.66953125 0.9319444444444445 0.134375 0.1361111111111111
0 0.6786458333333333 0.8861111111111111 0.1640625 0.22777777777777777
0 0.76640625 0.7675925925925926 0.13020833333333334 0.32592592592592595
0 0.8822916666666667 0.6861111111111111 0.15 0.175
1 0.8236979166666667 0.4300925925925926 0.0703125 0.3824074074074074
0 0.903125 0.5388888888888889 0.11145833333333334 0.2
0 0.9276041666666667 0.24722222222222223 0.03958333333333333 0.23333333333333334
0 0.9619791666666667 0.26851851851851855 0.030208333333333334 0.21203703703703702
0 0.44114583333333335 0.4337962962962963 0.1125 0.20462962962962963
0 0.9463541666666667 0.3958333333333333 0.06510416666666667 0.1398148148148148
0 0.928125 0.4810185185185185 0.09010416666666667 0.1814814814814815
1 0.6223958333333334 0.4300925925925926 0.10416666666666667 0.2916666666666667
0 0.5356770833333333 0.48703703703703705 0.1015625 0.25925925925925924
0 0.32473958333333336 0.6125 0.096875 0.30277777777777776
0 0.39921875 0.5708333333333333 0.11822916666666666 0.2861111111111111
0 0.44244791666666666 0.5486111111111112 0.10833333333333334 0.20462962962962963
0 0.49244791666666665 0.4125 0.06927083333333334 0.22962962962962963
0 0.53671875 0.36574074074074076 0.07864583333333333 0.14722222222222223
0 0.5765625 0.27685185185185185 0.0578125 0.17314814814814813
0 0.9494791666666667 0.35509259259259257 0.0609375 0.13796296296296295