1 0.7269452179329432 0.8224175249542067 0.14929417889493332 0.18871549650664923
0 0.7303238400848167 0.774010704439453 0.18999338673334995 0.291140549943576
0 0.8011064804693555 0.623171474704647 0.1689766313009045 0.37400944523233065
0 0.9043674345690174 0.4976585159663756 0.16978296186314784 0.23253678284061804
1 0.8154225090171272 0.27146365097739483 0.11642750998479177 0.4058965577432951
0 0.9065695634069774 0.3455156577020925 0.1345633063251796 0.2423751047615081
0 0.8943119450381967 0.08718096703686701 0.06779055674305993 0.17436193407373402
0 0.9305477484603822 0.08472211428497549 0.05618067638765088 0.16944422856995098
0 0.4426047861350159 0.4280774973052266 0.13620157983621722 0.24710173652861475
0 0.9311144841205444 0.18874169472656394 0.0817732754463672 0.1641740342247645
0 0.9237303235680111 0.2791061883204155 0.11122230799670092 0.21502648081925158
1 0.6191405462960496 0.3517738099008878 0.13859201499935664 0.32957381202767355
0 0.5413681122324784 0.4418737700515782 0.13233243375542542 0.2968107301161835
0 0.3510685937138366 0.6487932754832303 0.13299924065255814 0.3375514708569243
0 0.4184746158393294 0.5783376447534481 0.15213368166602342 0.33041449721914157
0 0.4579801717687974 0.5392738491507957 0.13201975846734298 0.24591713823608327
0 0.4898925326600689 0.38667683916333706 0.09678494822716696 0.25482953423104726
0 0.5274339889810364 0.3231730086611247 0.09603278657506541 0.17708409049909524
0 0.5554772037915162 0.22086700508609727 0.07862754728588328 0.1945032514595402
0 0.9291380165389747 0.14761882613742447 0.07704031133974448 0.1611052500345555