0 0.44296875 0.5509259259259259 0.10520833333333333 0.20185185185185187
0 0.39869791666666665 0.5712962962962963 0.11666666666666667 0.28425925925925927
0 0.321875 0.6092592592592593 0.09114583333333333 0.3111111111111111
0 0.4890625 0.41759259259259257 0.0734375 0.2111111111111111
0 0.9494791666666667 0.3578703703703704 0.059895833333333336 0.13703703703703704
0 0.4434895833333333 0.4847222222222222 0.11614583333333334 0.30925925925925923
1 0.62265625 0.42824074074074076 0.10364583333333334 0.28888888888888886
1 0.8526041666666667 0.45555555555555555 0.07552083333333333 0.3592592592592593
1 0.70703125 0.9180555555555555 0.1609375 0.1638888888888889
0 0.9236979166666667 0.24444444444444444 0.040625 0.23796296296296296
0 0.9565104166666667 0.2791666666666667 0.042708333333333334 0.23333333333333334
0 0.9471354166666667 0.3972222222222222 0.06666666666666667 0.14351851851851852
0 0.9325520833333333 0.47685185185185186 0.09322916666666667 0.18796296296296297
0 0.9041666666666667 0.5375 0.109375 0.1962962962962963
0 0.8677083333333333 0.7125 0.17916666666666667 0.2212962962962963
0 0.7596354166666667 0.7875 0.125 0.3074074074074074
0 0.6494791666666667 0.8819444444444444 0.10572916666666667 0.2361111111111111
0 0.5348958333333333 0.4828703703703704 0.10052083333333334 0.26944444444444443
0 0.5760416666666667 0.2726851851851852 0.059375 0.1638888888888889
0 0.5359375 0.3648148148148148 0.08229166666666667 0.14537037037037037