0 0.4869183284407625 0.4760460802571429 0.14040180151031906 0.2602333118721819
0 0.44805537082536173 0.5193180947977855 0.16573324658583577 0.34860512946182065
0 0.3808712571367855 0.5975708757569216 0.145014903616255 0.36165226284715196
0 0.508258957072967 0.3228474204542631 0.11007171480536257 0.2521043973055406
0 0.9397084826313569 0.05019531168308073 0.08360390653052671 0.10039062336616146
0 0.4761161054243824 0.41212111771962145 0.16992020708360228 0.37322032963199736
1 0.6382677480217009 0.26063599255003095 0.15375407991916887 0.34611594941974905
1 0.863534925292494 0.18138820397550226 0.1373985644969191 0.3627764079510045
1 0.803422675707304 0.6848122503675128 0.1897051011274217 0.2522126396180532
0 0.8960599373643916 0.025444834262201493 0.08066154139544987 0.050889668524402985
0 0.9329105876515646 0.03244038126165736 0.0831980683684345 0.06488076252331472
0 0.9441186584450139 0.07237544655745737 0.09150434005530883 0.14475089311491474
0 0.9405235464688374 0.13894280492563957 0.11895290706232516 0.23890093765393025
0 0.9270495399276785 0.21236152039516204 0.1437432514145949 0.2563612587770961
0 0.9066829154328886 0.40013809927908794 0.18663416913422282 0.3192280367392338
0 0.831304159349081 0.5307237382873397 0.17837529378855876 0.37680378499137746
0 0.7419406670389354 0.6811626720933883 0.14676002886620101 0.2944324469592794
0 0.5632778997447393 0.36069012225293334 0.14720645949798172 0.32466332685717353
0 0.5667579985215935 0.1365859818194553 0.08797349708572805 0.1972823634876762
0 0.544179542342058 0.2468673733720809 0.10755547685598969 0.190392035926165