0 0.9328125 0.24768518518518517 0.0375 0.22962962962962963
0 0.96171875 0.26666666666666666 0.030208333333333334 0.20925925925925926
0 0.4276041666666667 0.5148148148148148 0.11614583333333334 0.29444444444444445
0 0.49114583333333334 0.4111111111111111 0.06666666666666667 0.22777777777777777
0 0.9497395833333333 0.3578703703703704 0.0609375 0.1398148148148148
0 0.3229166666666667 0.6134259259259259 0.09479166666666666 0.3037037037037037
0 0.39869791666666665 0.5731481481481482 0.11770833333333333 0.2833333333333333
0 0.4479166666666667 0.48518518518518516 0.11145833333333334 0.3101851851851852
0 0.6799479166666667 0.8814814814814815 0.159375 0.23703703703703705
0 0.5369791666666667 0.362962962962963 0.07916666666666666 0.1398148148148148
1 0.6234375 0.42777777777777776 0.10052083333333334 0.2861111111111111
0 0.5765625 0.2824074074074074 0.059375 0.18518518518518517
0 0.5364583333333334 0.48148148148148145 0.1015625 0.2675925925925926
1 0.7393229166666667 0.47685185185185186 0.07395833333333333 0.3768518518518518
1 0.6924479166666667 0.874537037037037 0.15 0.25092592592592594
0 0.7513020833333334 0.7939814814814815 0.10677083333333333 0.32407407407407407
0 0.8770833333333333 0.7 0.159375 0.2
0 0.9041666666666667 0.5370370370370371 0.11458333333333333 0.20462962962962963
0 0.9276041666666667 0.4787037037037037 0.09583333333333334 0.18611111111111112
0 0.9442708333333333 0.4078703703703704 0.0734375 0.17314814814814813