0 0.8881827947172023 0.07033200747846104 0.07467607723226213 0.14066401495692207
0 0.9184883718109338 0.06703544490776699 0.06510658971146578 0.13407088981553397
0 0.4025700943569552 0.5055171926636463 0.1652746778977479 0.34280325239588944
0 0.45913404818383463 0.37637712612606855 0.1046487086798282 0.25481234420778126
0 0.9129421775514213 0.1184671163880698 0.08440463006091316 0.16555561045182526
0 0.3045858831812189 0.6482278112947407 0.14558025499147956 0.34301632790994996
0 0.37740611376908706 0.5748995015198791 0.16526067054889115 0.3326611929038041
0 0.42089690862481993 0.46758465925692944 0.16339983943406794 0.35647651281927956
0 0.6782232590132443 0.7468170850779533 0.1991214370491863 0.3059641104049587
0 0.501551457917573 0.3092538102546971 0.1024533165556401 0.17350336549869885
1 0.5920858139908034 0.3331020440575198 0.1483995163614279 0.32757746702090784
0 0.5358893511510163 0.21329869007604177 0.09033569176360459 0.2093760088220422
0 0.5089910786192517 0.4243362459378069 0.14643403397097832 0.3098986230421157
1 0.7110892269830417 0.3283188529302657 0.1374768313918845 0.40595645155064414
1 0.690265054908967 0.7347572087186472 0.1918437777313765 0.3155024101936474
0 0.7437419231840029 0.6298421561809929 0.1609069238766563 0.36825479569771796
0 0.8629657500003366 0.4826071692015801 0.19253768372142113 0.26946486805594955
0 0.8794156374101065 0.31253740220718895 0.1486764326121661 0.2538483984916318
0 0.8990136242375765 0.24545976498035543 0.12705114184679 0.22716649646074097
0 0.9107888074738038 0.16934991662089594 0.10249533860221073 0.2039295439749551