1 0.7751061767220916 0.16302770406118317 0.1094218852398844 0.27032603206501654
1 0.602745100316465 0.27802654639929486 0.13831527897133497 0.33427095084599917
0 0.6507638891751568 0.345874581915286 0.11918655727039891 0.29503606672040583
0 0.8501612923481703 0.4113860189760769 0.23759044390607495 0.37293175007574114
0 0.8608439721723549 0.4816824365619521 0.20944735512485976 0.3017631752411441
1 0.6442649081423167 0.6228714164394432 0.18952428450325035 0.4527249469518728
0 0.5238413628857459 0.6666420694723838 0.1992525363192108 0.4765090556813361
1 0.7238991984552091 0.39320075691343614 0.159126468993387 0.4951768031324356
0 0.8733120565140944 0.02560904750074888 0.05986273969247359 0.05121809500149776
0 0.9155725182692642 0.04945376322347927 0.075207328305621 0.09890752644695854
0 0.9062632202467356 0.10346648577163989 0.10853328053519391 0.20693297154327978
0 0.9038175907068343 0.15181661026491586 0.11723081601406639 0.2321649794343394
0 0.38226193487752186 0.5973679759191105 0.16480850776804523 0.37664394629999604
0 0.5005018092216431 0.4578946339112208 0.1999264316145203 0.4278943599917448
0 0.31088777349066915 0.6301875005089618 0.13676729852673167 0.3606634243133684
0 0.3882058109535699 0.4988523250633762 0.18834431808212837 0.3964272168241844
0 0.4266690407002774 0.42172550786262997 0.16544955207461895 0.3666425124686039
0 0.4573689256040266 0.3381523932834098 0.11589040652720801 0.2769840957433305
0 0.5003193441706877 0.2652912875831874 0.10520070957744897 0.2024578124417343
0 0.5521020287448583 0.165126120803591 0.08448758721735601 0.18868947585758417
0 0.8901413148375925 0.23652449417321694 0.13921864588354632 0.27834072342589694