1 0.80390625 0.41203703703703703 0.07395833333333333 0.23055555555555557
1 0.6286458333333333 0.43333333333333335 0.09479166666666666 0.2833333333333333
0 0.66953125 0.5273148148148148 0.08072916666666667 0.2518518518518518
0 0.8565104166666667 0.7013888888888888 0.19791666666666666 0.2657407407407407
0 0.8614583333333333 0.7777777777777778 0.17916666666666667 0.20462962962962963
1 0.64140625 0.8004629629629629 0.13125 0.3824074074074074
0 0.521875 0.7787037037037037 0.1375 0.4027777777777778
1 0.7361979166666667 0.6143518518518518 0.09010416666666667 0.44722222222222224
0 0.9145833333333333 0.2638888888888889 0.034895833333333334 0.16203703703703703
0 0.95078125 0.3435185185185185 0.0546875 0.13333333333333333
0 0.9356770833333333 0.41712962962962963 0.08177083333333333 0.17777777777777778
0 0.92890625 0.47129629629629627 0.0890625 0.18425925925925926
0 0.39088541666666665 0.6319444444444444 0.11666666666666667 0.3138888888888889
0 0.5158854166666667 0.5569444444444445 0.146875 0.3490740740740741
0 0.31927083333333334 0.6259259259259259 0.08854166666666667 0.31296296296296294
0 0.4044270833333333 0.5365740740740741 0.13958333333333334 0.3212962962962963
0 0.4473958333333333 0.48055555555555557 0.11927083333333334 0.30277777777777776
0 0.48359375 0.41388888888888886 0.08020833333333334 0.23425925925925925
0 0.5307291666666667 0.36435185185185187 0.08125 0.15833333333333333
0 0.5888020833333333 0.29259259259259257 0.06041666666666667 0.15648148148148147
0 0.9088541666666666 0.5486111111111112 0.10572916666666667 0.2212962962962963