1 0.7130213035349063 0.8157299821064157 0.15050713939685162 0.13422795492430126
1 0.6874096915176384 0.24721196849652563 0.1137416415018824 0.30944359000990596
0 0.4253218010527771 0.505075153694266 0.14983496638410448 0.38258466943725705
1 0.6546618823753545 0.31911780681113777 0.11292780989648131 0.3138676827264979
0 0.6773055001575607 0.768552075391656 0.12089707948487624 0.234749875744949
0 0.7812609768304775 0.6849331575770422 0.13394978589398127 0.3427728840742123
0 0.354241036459629 0.5247099877928975 0.12986103166842553 0.3749757643858389
0 0.9683826893654705 0.22901196997196363 0.063234621269059 0.1577015753353698
0 0.6071432781182866 0.1817119918209745 0.07712158102425898 0.14175428786433478
0 0.957869163006759 0.1197494483572683 0.05489432180345659 0.2394988967145366
0 0.4702251426486724 0.33821405810438565 0.12964051592848744 0.24472750438258295
0 0.5638673635566508 0.37629948096037324 0.1325827755263885 0.31499510629643457
0 0.51500063660091 0.31301811445528677 0.09031098847012325 0.25255507397137605
0 0.5582496356426694 0.2568036522876695 0.08722565322030841 0.1584189348964881
0 0.9828622575322608 0.11332665272850913 0.03427548493547856 0.17890217189594432
0 0.9626973779689967 0.2711914691039676 0.07460524406200666 0.1848597129222647
0 0.4505469211595519 0.41922752753662057 0.14916468278370326 0.33752260443644316
0 0.948672122447492 0.34793651323027375 0.10265575510501605 0.2167472191435378
0 0.9317898380147679 0.4149578204084727 0.13417171869317884 0.25295705944214086
0 0.9083871622215732 0.5752392102380081 0.17012881489172807 0.2499656662132717