1 0.6841145833333333 0.9407407407407408 0.14114583333333333 0.11851851851851852
1 0.6635416666666667 0.35833333333333334 0.08854166666666667 0.2796296296296296
0 0.4002604166666667 0.5958333333333333 0.11927083333333334 0.3425925925925926
1 0.6302083333333334 0.42777777777777776 0.0875 0.28425925925925927
0 0.64921875 0.8875 0.10208333333333333 0.22407407407407406
0 0.7528645833333333 0.8004629629629629 0.10625 0.3074074074074074
0 0.32916666666666666 0.6101851851851852 0.09947916666666666 0.3416666666666667
0 0.9489583333333333 0.3611111111111111 0.06197916666666667 0.13703703703703704
0 0.584375 0.2875 0.06614583333333333 0.11944444444444445
0 0.9341145833333333 0.24814814814814815 0.034375 0.23333333333333334
0 0.44635416666666666 0.43333333333333335 0.1109375 0.20833333333333334
0 0.5393229166666667 0.4777777777777778 0.1078125 0.27870370370370373
0 0.49140625 0.4115740740740741 0.06979166666666667 0.22870370370370371
0 0.5348958333333333 0.3587962962962963 0.075 0.13333333333333333
0 0.9630208333333333 0.24722222222222223 0.027083333333333334 0.16944444444444445
0 0.9432291666666667 0.4027777777777778 0.071875 0.16111111111111112
0 0.42604166666666665 0.5125 0.12239583333333333 0.2962962962962963
0 0.928125 0.4777777777777778 0.09635416666666667 0.18518518518518517
0 0.9052083333333333 0.5430555555555555 0.11458333333333333 0.21481481481481482
0 0.88046875 0.700462962962963 0.15208333333333332 0.2