0 0.953125 0.3523148148148148 0.0640625 0.1398148148148148
1 0.7388020833333333 0.8111111111111111 0.13802083333333334 0.37777777777777777
0 0.4544270833333333 0.8166666666666667 0.11354166666666667 0.36666666666666664
0 0.5338541666666666 0.7754629629629629 0.115625 0.40555555555555556
0 0.35963541666666665 0.7615740740740741 0.10208333333333333 0.47685185185185186
0 0.41848958333333336 0.562962962962963 0.0609375 0.17037037037037037
0 0.67578125 0.6087962962962963 0.09270833333333334 0.40555555555555556
1 0.803125 0.41203703703703703 0.075 0.23796296296296296
1 0.62890625 0.4351851851851852 0.09114583333333333 0.2796296296296296
0 0.534375 0.5254629629629629 0.09739583333333333 0.3592592592592593
0 0.44088541666666664 0.45555555555555555 0.10729166666666666 0.2518518518518518
0 0.4825520833333333 0.4212962962962963 0.07760416666666667 0.23703703703703705
0 0.5338541666666666 0.3425925925925926 0.07864583333333333 0.1712962962962963
0 0.5893229166666667 0.28379629629629627 0.058333333333333334 0.1685185185185185
0 0.8528645833333334 0.6421296296296296 0.10364583333333334 0.2935185185185185
0 0.88046875 0.7763888888888889 0.13645833333333332 0.18981481481481483
0 0.91796875 0.5462962962962963 0.075 0.23148148148148148
0 0.9354166666666667 0.4773148148148148 0.08385416666666666 0.19074074074074074
0 0.9348958333333334 0.41759259259259257 0.0828125 0.18055555555555555