0 0.9234031481462812 0.08326135250386985 0.08317609139185152 0.1665227050077397
1 0.7268276401975317 0.6220234848173689 0.19002342010703663 0.4375197262124547
0 0.4424758960567447 0.7392979196696587 0.1625432052468206 0.3937355183302602
0 0.5200276487429175 0.675780912681017 0.17127979472219082 0.45573771768098725
0 0.34630376126254714 0.7138271910350631 0.16499060232509208 0.4749739757463919
0 0.3962244317621766 0.5186196764470796 0.08411340245061703 0.19685034032197501
0 0.6555732247719296 0.4525542757275469 0.14804415896975248 0.4456918832410421
1 0.7754903773168214 0.205571510593144 0.10736816204851844 0.27029901552010943
1 0.6019296340400004 0.30331692600167565 0.12943817932783902 0.31967361664416966
0 0.5108170908416981 0.4323429823148715 0.14637777571493787 0.401328446818381
0 0.4144984569114666 0.40459794287635265 0.1418406706881787 0.29863167706238636
0 0.4547520738452011 0.35331398691580407 0.10997232871518486 0.2707040556290257
0 0.5030359915643831 0.2543796834563804 0.10209513785746888 0.20516016861816158
0 0.5563981523718368 0.17303230626496763 0.08137253474719112 0.19366752243528096
0 0.8342580143258185 0.408223369621896 0.1438000522150612 0.33844649187720116
0 0.867168967671652 0.5271477679881512 0.16263528397749974 0.24857333433892942
0 0.8957839896479017 0.28701500728019513 0.10652835962941319 0.2637365260168447
0 0.9105817002825621 0.21212518666370686 0.10991401247262331 0.22750956919764032
0 0.9077460388939663 0.15421997860702646 0.1078047083255863 0.2161554340211794