0 0.3893229166666667 0.6324074074074074 0.1140625 0.3101851851851852
0 0.521875 0.7861111111111111 0.13645833333333332 0.42777777777777776
0 0.6033854166666667 0.9199074074074074 0.1046875 0.16018518518518518
0 0.8859375 0.7726851851851851 0.13385416666666666 0.2074074074074074
0 0.9244791666666666 0.4773148148148148 0.0859375 0.19166666666666668
1 0.8052083333333333 0.4134259259259259 0.07604166666666666 0.2361111111111111
1 0.6276041666666666 0.4337962962962963 0.0890625 0.27870370370370373
0 0.58984375 0.2828703703703704 0.058854166666666666 0.16666666666666666
1 0.7552083333333334 0.8212962962962963 0.125 0.3574074074074074
0 0.5333333333333333 0.3560185185185185 0.08385416666666666 0.14444444444444443
0 0.48151041666666666 0.41759259259259257 0.07708333333333334 0.2324074074074074
0 0.44947916666666665 0.4791666666666667 0.125 0.2953703703703704
0 0.5307291666666667 0.48194444444444445 0.0984375 0.2388888888888889
0 0.9372395833333333 0.41805555555555557 0.08697916666666666 0.18055555555555555
0 0.9046875 0.5425925925925926 0.10989583333333333 0.2101851851851852
0 0.8911458333333333 0.6546296296296297 0.14739583333333334 0.2101851851851852
0 0.6778645833333333 0.6615740740740741 0.11666666666666667 0.4981481481481482
0 0.9497395833333333 0.34953703703703703 0.059375 0.13055555555555556