0 0.37528397315203676 0.6108500715362378 0.13292508656224555 0.3281824110771351
0 0.49730854515080986 0.7771578933789112 0.16246842261828728 0.43680663590101604
0 0.5699450871976616 0.9171283103576456 0.1139915067119908 0.15486188278644022
0 0.86020771770662 0.8224719255936825 0.14673214247680566 0.2292645565072441
0 0.9168484692575345 0.533499231403116 0.09747074588363441 0.2056100416903647
1 0.8022963131973609 0.4527506741975901 0.0907367156150696 0.248127217970593
1 0.6245287101071758 0.4471828861239246 0.10642276374062523 0.29272788191922056
0 0.5963630231451503 0.2914768066137722 0.06895782491104162 0.1756895205701873
1 0.7273346050546524 0.8284752094842321 0.14647887575930577 0.3292483958688803
0 0.5356307352146641 0.3559851866399387 0.0926737076365048 0.1574187985065799
0 0.48024618971703686 0.40979154972341125 0.09120905882682884 0.24442890114634394
0 0.44461088202969884 0.4666339521283501 0.14317203780340293 0.315327185703264
0 0.5251400269448724 0.48107676359066676 0.11320528413076403 0.25391440934269593
0 0.9332190048767359 0.4763931805750339 0.09784610885224557 0.19450431745870833
0 0.8931195930545021 0.5957732911361548 0.12276168661307878 0.22809083412640718
0 0.8726726565362033 0.7056921344584696 0.1603344217954401 0.23403424500269301
0 0.6602577319857519 0.68150378582678 0.14735300436840315 0.5153433463416276
0 0.9499711824665392 0.4100251770479652 0.06744337955902797 0.13956763570016703