0 0.8632666161337357 0.41363374004347253 0.11251499574092681 0.4440966052035059
1 0.700714901203651 0.2590163758172316 0.08142064164734678 0.26601113167357127
0 0.9466760000247874 0.3618916736475081 0.09148802603269032 0.2292942253284666
0 0.9518144861846228 0.24433496653951411 0.0718679104180334 0.18919516530631808
0 0.9189294804178878 0.19934335322313404 0.04684668808596892 0.1854211099681448
0 0.9103680186183164 0.0740600187413676 0.02926568874502422 0.1481200374827352
0 0.456225641165449 0.43679736285905485 0.1311314815712348 0.32708493796535615
1 0.8162050461338815 0.296918043285068 0.0677728633203562 0.25983876527897437
0 0.7751953855634777 0.3531131505571243 0.11960770884621562 0.368253465851825
0 0.6706484893151362 0.3028246473456076 0.08898024605806114 0.21053836269226084
1 0.7012281670457692 0.8623812964193398 0.1738584018503128 0.12878081293903804
0 0.7291493510002477 0.7705435488016593 0.1621595332823001 0.2982970283526798
0 0.5327447870966565 0.7223648534350495 0.189725663066649 0.45843389311349075
0 0.400072890848315 0.6752804958123111 0.15141744205269514 0.46422821212146137
0 0.5504425324708746 0.44648724793349764 0.1121206334091537 0.20024552105327967
0 0.3437357976291499 0.598147777553558 0.09925453657757745 0.3188358105409954
0 0.42006662437192877 0.5337511536141513 0.14110247926454064 0.30882721410934805
0 0.4361563117864484 0.472504137369261 0.15650375858011453 0.32351092192554376
0 0.49669899475234375 0.3685948865646725 0.08009335969555144 0.23076661045896424
0 0.5358702650059051 0.30054075034384453 0.09585896344721002 0.17068766239284736
0 0.5851495919134478 0.2406184888232614 0.07809491569047727 0.2342329700449808