0 0.8510416666666667 0.5324074074074074 0.09427083333333333 0.42685185185185187
1 0.69609375 0.35 0.07083333333333333 0.25277777777777777
0 0.9361979166666666 0.49537037037037035 0.08229166666666667 0.21481481481481482
0 0.9463541666666667 0.37962962962962965 0.0640625 0.17777777777777778
0 0.915625 0.3287037037037037 0.0390625 0.1787037037037037
0 0.91328125 0.1824074074074074 0.021354166666666667 0.18518518518518517
0 0.4453125 0.4842592592592593 0.11822916666666666 0.3055555555555556
1 0.809375 0.4078703703703704 0.057291666666666664 0.2490740740740741
0 0.7661458333333333 0.45694444444444443 0.1046875 0.3490740740740741
0 0.6643229166666667 0.38842592592592595 0.08072916666666667 0.1962962962962963
1 0.6708333333333333 0.950462962962963 0.16927083333333334 0.09907407407407408
0 0.7026041666666667 0.8643518518518518 0.15052083333333333 0.2712962962962963
0 0.509375 0.7842592592592592 0.17135416666666667 0.43148148148148147
0 0.37942708333333336 0.711574074074074 0.1328125 0.4398148148148148
0 0.5385416666666667 0.5101851851851852 0.10416666666666667 0.1814814814814815
0 0.3265625 0.625 0.08645833333333333 0.30277777777777776
0 0.40520833333333334 0.5740740740740741 0.12864583333333332 0.2861111111111111
0 0.4239583333333333 0.5162037037037037 0.14375 0.29814814814814816
0 0.48854166666666665 0.42314814814814816 0.07083333333333333 0.2175925925925926
0 0.5302083333333333 0.3625 0.0890625 0.15462962962962962
0 0.5817708333333333 0.31157407407407406 0.06875 0.2222222222222222