0 0.5390625 0.5328703703703703 0.10520833333333333 0.36018518518518516
0 0.44479166666666664 0.4837962962962963 0.11458333333333333 0.30092592592592593
0 0.7768229166666667 0.46620370370370373 0.075 0.30925925925925923
0 0.6901041666666666 0.4185185185185185 0.08177083333333333 0.3175925925925926
0 0.64140625 0.39166666666666666 0.06197916666666667 0.23703703703703705
0 0.9643229166666667 0.2601851851851852 0.03333333333333333 0.21851851851851853
0 0.8986979166666667 0.3787037037037037 0.06041666666666667 0.3611111111111111
0 0.9489583333333333 0.3819444444444444 0.06302083333333333 0.18333333333333332
0 0.9346354166666667 0.48657407407407405 0.0828125 0.19074074074074074
0 0.91015625 0.5708333333333333 0.10572916666666667 0.26481481481481484
0 0.5356770833333333 0.34120370370370373 0.06354166666666666 0.2
0 0.48828125 0.4263888888888889 0.06875 0.22037037037037038
0 0.415625 0.5171296296296296 0.13489583333333333 0.30462962962962964
0 0.3768229166666667 0.5416666666666666 0.0578125 0.20925925925925926
0 0.3296875 0.625 0.0921875 0.2935185185185185
0 0.378125 0.7106481481481481 0.12708333333333333 0.43425925925925923
0 0.5072916666666667 0.7907407407407407 0.14270833333333333 0.387037037037037
1 0.6354166666666666 0.9203703703703704 0.121875 0.15925925925925927
1 0.671875 0.2962962962962963 0.05260416666666667 0.13425925925925927
1 0.8072916666666666 0.42407407407407405 0.06041666666666667 0.26481481481481484