0 0.5109069444283809 0.5669211902528482 0.14004622077156295 0.38086206940949074
0 0.416880397158553 0.5229232282985575 0.1436128898731295 0.32394513367646977
0 0.7506308314927012 0.48806572257135256 0.10470543007789246 0.3238932671789413
0 0.6643909441887461 0.4450966524350862 0.11251389742710198 0.3336807267029244
0 0.6158141623911345 0.4206602387245295 0.08499770468580246 0.24961326132067058
0 0.9425624750181806 0.2723406539437203 0.054069883047699344 0.2252405094492156
0 0.8745706457014683 0.3943152977631314 0.09499615376362484 0.3729877810108433
0 0.925011942607025 0.3947153659899514 0.08095859406038623 0.19583410043629204
0 0.9089124847577802 0.5004611399598533 0.10131874147785022 0.2074529720542991
0 0.8829608083418757 0.5859701690882249 0.13107734040803648 0.28522759890675836
0 0.5106155384887673 0.3753881491150216 0.08293050195563036 0.21257622428363362
0 0.4615146350990518 0.4634037869352135 0.08984831019214615 0.23428753507364153
0 0.3869486110950476 0.5579417857525428 0.16423547028265542 0.3309721042551846
0 0.3475602722783704 0.5843731296197467 0.07766645590325254 0.22049454312325537
0 0.2988489857259573 0.6700928169202925 0.12064857578899885 0.3121376191067756
0 0.34622741652275396 0.7534764412884952 0.16881483310333667 0.4594871650072011
0 0.47469274181320714 0.8096903294175587 0.1798241764255426 0.38061934116488255
1 0.601174433452055 0.929158727468258 0.13732001949847567 0.14168254506348393
1 0.6481668463610116 0.32352918705283246 0.06566787037465407 0.144928614268194
1 0.7820952448712892 0.44432632600174576 0.08597559333184393 0.276427384582185