1 0.7817714350437849 0.40831738157855524 0.09143236000517257 0.25358219297540463
1 0.6598070679116107 0.8867027977660213 0.176742695561159 0.22659440446795723
0 0.7101949443772759 0.8446973479977592 0.22354314344159268 0.31060530400448155
0 0.8804532043389869 0.3115904594670754 0.053294717175635734 0.19028808371546171
0 0.9207910759566963 0.24265516940787651 0.06089455495427553 0.23168152077984247
0 0.9184528230253657 0.3391888098218601 0.0791132432354189 0.15454400438592933
0 0.9026047253978002 0.3992794831603887 0.13164285778251922 0.23789936892935815
0 0.9085625297400198 0.4576659350532561 0.11388144485248167 0.20087476683209649
0 0.880055064384388 0.5540105517739266 0.1659007904104082 0.3182520465170973
0 0.7442343738805914 0.4789679086884631 0.1373080366737786 0.3499957419958169
0 0.6236667393860044 0.44801298420354946 0.12049260960252325 0.32228973518723647
0 0.36503648695394453 0.7713175330708345 0.19368532455550552 0.457364933858331
0 0.3084355856928367 0.7113426083535008 0.12560526212797155 0.33208301871129225
0 0.42211510458538937 0.5502396741779821 0.15918303667377884 0.35248785523153353
0 0.3988371012514095 0.5783031164978213 0.18696791465342008 0.34828459341290435
0 0.3784928222602958 0.6336930989048868 0.14347309212732498 0.3037228962443439
0 0.46559923382937124 0.4811974373323512 0.09161307131814703 0.24623412159741906
0 0.49923537014396224 0.41568711357204613 0.10855621606430906 0.18645185367841127
0 0.5061558234682438 0.8105927310501356 0.19581125910001967 0.37881453789972874
1 0.6602737901446089 0.4033180510342785 0.1122868220268245 0.32411813649426513
0 0.5131972509985414 0.6076200827037472 0.13735055192632367 0.35092166792174284