1 0.8088541666666667 0.4023148148148148 0.06041666666666667 0.23055555555555557
1 0.6661458333333333 0.8865740740740741 0.14635416666666667 0.22685185185185186
0 0.71796875 0.8523148148148149 0.18385416666666668 0.2953703703703704
0 0.9106770833333333 0.32222222222222224 0.029166666666666667 0.17962962962962964
0 0.9536458333333333 0.2601851851851852 0.03177083333333333 0.21944444444444444
0 0.9473958333333333 0.3560185185185185 0.06145833333333333 0.13055555555555556
0 0.9291666666666667 0.4134259259259259 0.10520833333333333 0.19722222222222222
0 0.9325520833333333 0.4722222222222222 0.09166666666666666 0.16574074074074074
0 0.9 0.5634259259259259 0.13020833333333334 0.2675925925925926
0 0.7684895833333333 0.46620370370370373 0.0953125 0.3138888888888889
0 0.6502604166666667 0.41574074074074074 0.08177083333333333 0.29074074074074074
0 0.37890625 0.7134259259259259 0.134375 0.44351851851851853
0 0.3260416666666667 0.6259259259259259 0.0859375 0.29907407407407405
0 0.44583333333333336 0.4842592592592593 0.11822916666666666 0.3074074074074074
0 0.42135416666666664 0.5083333333333333 0.14791666666666667 0.29074074074074074
0 0.39895833333333336 0.5601851851851852 0.10833333333333334 0.262037037037037
0 0.49192708333333335 0.42268518518518516 0.06197916666666667 0.2222222222222222
0 0.528125 0.362962962962963 0.08802083333333334 0.1527777777777778
0 0.51640625 0.7962962962962963 0.1421875 0.40185185185185185
1 0.68828125 0.3773148148148148 0.07291666666666667 0.2962962962962963
0 0.5338541666666666 0.5564814814814815 0.0953125 0.3148148148148148