0 0.5238996461060644 0.557487199997374 0.12626222077790838 0.3420120442920237
1 0.6963570730535814 0.41682872120765285 0.10631600405718965 0.32606660213200855
1 0.8143161404240215 0.4961560682475623 0.0775728038409819 0.2628127476784976
0 0.7626276819555585 0.536038527725691 0.12199555113509035 0.33178376407120164
0 0.6512108503805604 0.4534031039518585 0.1072213030291048 0.3121884870020287
0 0.915477901922688 0.42983862273504897 0.04558641828932295 0.18748953491122253
0 0.9663623824420259 0.3922790583909168 0.06182052732588043 0.2496881783318971
0 0.875376506496117 0.6686550974214326 0.16338039123260348 0.30351101072386505
0 0.9254089170748022 0.5852756669426036 0.09565914772652372 0.19541408274627026
0 0.9491515630429906 0.47439318953818077 0.07439852894963508 0.15168008904956837
0 0.936969162880835 0.5217366165481313 0.09663717613563966 0.18894337502369804
1 0.6156802228119955 0.9162236232794065 0.16141406033490238 0.15628340162218832
0 0.6811480366646666 0.8785132263105461 0.22255802137357794 0.23098235371299458
0 0.4818694674002122 0.7805844814608351 0.1812925495113357 0.4305352427182638
0 0.3552367389094692 0.6564439974039736 0.16992512797450368 0.4396759906295221
0 0.31205361959096284 0.5726399294586271 0.11302319913297225 0.3196551500834367
0 0.3843513594446931 0.5288409845383384 0.12322167748803624 0.29754066545030616
0 0.41546690124648955 0.4891713067986658 0.17680123647054202 0.34438642345097037
0 0.44227486309704267 0.46389657594648176 0.14702282467404082 0.33482011206279977
0 0.49452051961743954 0.4203050258851947 0.09274324485847647 0.21667805776583915
0 0.5372762183455717 0.36199831827900264 0.10109739664438683 0.1658437087906411