0 0.5346354166666667 0.5541666666666667 0.09635416666666667 0.3175925925925926
1 0.69140625 0.36944444444444446 0.07708333333333334 0.3074074074074074
1 0.815625 0.41574074074074074 0.05364583333333333 0.25
0 0.7684895833333333 0.4689814814814815 0.09270833333333334 0.30833333333333335
0 0.6502604166666667 0.41759259259259257 0.07916666666666666 0.29259259259259257
0 0.909375 0.32314814814814813 0.028125 0.1814814814814815
0 0.95703125 0.2726851851851852 0.04010416666666667 0.24074074074074073
0 0.89296875 0.5694444444444444 0.13854166666666667 0.26666666666666666
0 0.934375 0.4736111111111111 0.07916666666666666 0.175
0 0.946875 0.35833333333333334 0.06197916666666667 0.13518518518518519
0 0.9395833333333333 0.4083333333333333 0.08125 0.1675925925925926
1 0.66328125 0.9125 0.14635416666666667 0.175
0 0.7252604166666666 0.8675925925925926 0.2 0.2564814814814815
0 0.5153645833333333 0.7888888888888889 0.14375 0.40185185185185185
0 0.3776041666666667 0.6967592592592593 0.13125 0.4064814814814815
0 0.3265625 0.6259259259259259 0.084375 0.29907407407407405
0 0.39375 0.5634259259259259 0.09739583333333333 0.2722222222222222
0 0.42083333333333334 0.5157407407407407 0.1484375 0.30462962962962964
0 0.44479166666666664 0.4837962962962963 0.11822916666666666 0.30462962962962964
0 0.4921875 0.42685185185185187 0.07395833333333333 0.19722222222222222
0 0.5286458333333334 0.3578703703703704 0.08802083333333334 0.14166666666666666