0 0.892823636076867 0.3056930948912694 0.038254293377843376 0.18206328415493575
0 0.9425907035737128 0.2482473293491554 0.050471697131829765 0.2331831443053463
0 0.8594401114593188 0.5496210301059223 0.1506106067334315 0.2750234943536685
0 0.9103102351220513 0.4537708868850474 0.09419824561910772 0.16842284881061184
0 0.9165598629260415 0.3930634810571956 0.09185247929371272 0.17299860782232906
0 0.3453574482053672 0.514012664403452 0.06856195419689494 0.19378852031024857
0 0.7442657455998315 0.45073173788817017 0.11002115619852475 0.31210297918286767
0 0.6261972959181035 0.4036942975222699 0.09554924830328039 0.29515618530305626
0 0.46930352824098365 0.7819693067402615 0.1708149695541131 0.40399655114693434
0 0.3425218378195857 0.6999675507226171 0.1521085843207866 0.42303157889524445
0 0.293771496692645 0.5807446245137814 0.09838433114770631 0.24342284881061174
1 0.7930468591490551 0.401630079802972 0.07150771808739004 0.24656629808802624
1 0.6690364735514578 0.34454213079666757 0.0885716946969301 0.2913124179927803
0 0.3928804653839411 0.5060931617747926 0.16637854898582358 0.30586995124595123
0 0.4195261622664982 0.4574494039418501 0.13285059333184393 0.2737312482259381
0 0.46765522598635767 0.40604909222721086 0.0781275438667509 0.23468009878114407
0 0.5109655732101862 0.3524363198717904 0.09029804459529321 0.154469315180228
0 0.5058576839506007 0.5231780731546727 0.12317686648266933 0.3613925357285914
0 0.6764683832584197 0.8451983792819474 0.21686786550485426 0.25974668962914277
0 0.9266402369530453 0.33828840075920247 0.06942109649528637 0.13461545403964914
1 0.6240931164441168 0.893449530306297 0.19158601365086056 0.18893458019189022