0 0.9109375 0.324537037037037 0.028125 0.1814814814814815
0 0.9575520833333333 0.26805555555555555 0.0375 0.2324074074074074
0 0.8911458333333333 0.5680555555555555 0.13541666666666666 0.2722222222222222
0 0.93671875 0.47314814814814815 0.08489583333333334 0.16666666666666666
0 0.9395833333333333 0.4125 0.08229166666666667 0.1712962962962963
0 0.37447916666666664 0.5217592592592593 0.0578125 0.1925925925925926
0 0.7703125 0.4666666666666667 0.09270833333333334 0.3101851851851852
0 0.6494791666666667 0.41712962962962963 0.07916666666666666 0.2935185185185185
0 0.5135416666666667 0.7925925925925926 0.1484375 0.4009259259259259
0 0.38203125 0.7078703703703704 0.12864583333333332 0.4203703703703704
0 0.3265625 0.5875 0.08489583333333334 0.24166666666666667
1 0.81640625 0.4185185185185185 0.0578125 0.24537037037037038
1 0.6890625 0.3587962962962963 0.07239583333333334 0.2898148148148148
0 0.42161458333333335 0.5148148148148148 0.14947916666666666 0.30277777777777776
0 0.44557291666666665 0.4666666666666667 0.11770833333333333 0.2712962962962963
0 0.4908854166666667 0.4162037037037037 0.06510416666666667 0.23333333333333334
0 0.53125 0.36342592592592593 0.08177083333333333 0.1527777777777778
0 0.5356770833333333 0.5342592592592592 0.103125 0.3592592592592593
0 0.7244791666666667 0.8601851851851852 0.20260416666666667 0.25555555555555554
0 0.9466145833333334 0.3578703703703704 0.06197916666666667 0.13333333333333333
1 0.6747395833333333 0.9074074074074074 0.18125 0.18518518518518517