0 0.8147877998126203 0.8792084189226007 0.1958712598128836 0.24158316215479847
1 0.7006718182265362 0.4164717157335674 0.10385774960546618 0.29772029997285115
1 0.822545398171019 0.45229399070108844 0.08777085957333834 0.280101894837331
0 0.7912330467365719 0.5136319321713119 0.13192210223763964 0.3416336460702881
0 0.6691574254044212 0.4704346233204314 0.11762950925488624 0.3196445994975218
0 0.5779846110162602 0.8135638595037484 0.2011861193044903 0.3728722809925031
0 0.9531640625239641 0.3922763713541557 0.07944604657310847 0.1550371477892351
0 0.9508165111261455 0.4473139505249446 0.09836697774770897 0.19638642450576607
0 0.9517983824582963 0.5053882956658945 0.09640323508340742 0.1999606341132781
0 0.9192010976101966 0.606013341939874 0.1615978047796067 0.3126836447548882
0 0.953344016549719 0.2999654068517024 0.06497264753128983 0.2377619451467783
0 0.9128592745251467 0.3592443490543226 0.0506239513583651 0.19004121379237338
0 0.5426552887611441 0.4184183782754987 0.09622775973115197 0.16722949146539148
0 0.5129635285945924 0.47674219367331694 0.09471738676587478 0.25064703909940483
0 0.4727394872477903 0.5319192162573664 0.1505587598128836 0.3090383428089366
0 0.4554326805898618 0.5816765226723953 0.1865517949808479 0.3475061601944257
0 0.43505868118872504 0.6319712727247752 0.1266009945017572 0.2977913923112906
0 0.3719754964209447 0.6893596442611521 0.1271184197018491 0.34746765707081134
0 0.43901194602358573 0.7726648551694937 0.1897827531169142 0.4546702896610127
0 0.5710287769614659 0.5955874043867094 0.14823851723031395 0.3877615137652246
1 0.7278936399645206 0.8934148056070138 0.17098857839308793 0.2131703887859723