0 0.7432291666666667 0.8680555555555556 0.16302083333333334 0.2638888888888889
1 0.6888020833333334 0.3662037037037037 0.0703125 0.2759259259259259
1 0.8075520833333333 0.40925925925925927 0.05572916666666667 0.262037037037037
0 0.7684895833333333 0.46805555555555556 0.09375 0.31203703703703706
0 0.6505208333333333 0.41759259259259257 0.08177083333333333 0.2935185185185185
0 0.5122395833333333 0.7912037037037037 0.1515625 0.4046296296296296
0 0.9466145833333334 0.35833333333333334 0.0625 0.13518518518518519
0 0.9393229166666667 0.4125 0.08072916666666667 0.1712962962962963
0 0.9338541666666667 0.4703703703703704 0.07916666666666666 0.175
0 0.8919270833333334 0.5680555555555555 0.1390625 0.26944444444444443
0 0.9580729166666667 0.26666666666666666 0.0375 0.22592592592592592
0 0.91015625 0.32314814814814813 0.028645833333333332 0.18055555555555555
0 0.5291666666666667 0.35833333333333334 0.07864583333333333 0.1425925925925926
0 0.49192708333333335 0.41435185185185186 0.06666666666666667 0.22962962962962963
0 0.44453125 0.46620370370370373 0.11666666666666667 0.2722222222222222
0 0.42109375 0.5143518518518518 0.14947916666666666 0.30092592592592593
0 0.39453125 0.562962962962963 0.09375 0.26851851851851855
0 0.32369791666666664 0.6162037037037037 0.08802083333333334 0.3194444444444444
0 0.37916666666666665 0.7203703703703703 0.13489583333333333 0.44814814814814813
0 0.5361979166666667 0.5356481481481481 0.1046875 0.35462962962962963
1 0.6536458333333334 0.8777777777777778 0.140625 0.24444444444444444