0 0.9104166666666667 0.3226851851851852 0.029166666666666667 0.1824074074074074
0 0.44583333333333336 0.4837962962962963 0.11666666666666667 0.30462962962962964
0 0.41953125 0.5143518518518518 0.14635416666666667 0.30277777777777776
0 0.39166666666666666 0.5634259259259259 0.096875 0.26666666666666666
0 0.31953125 0.6166666666666667 0.096875 0.3175925925925926
0 0.378125 0.7185185185185186 0.1328125 0.44537037037037036
0 0.5356770833333333 0.5365740740740741 0.10208333333333333 0.3537037037037037
0 0.4934895833333333 0.4148148148148148 0.07239583333333334 0.22870370370370371
0 0.528125 0.3592592592592593 0.07604166666666666 0.14537037037037037
1 0.8065104166666667 0.4115740740740741 0.057291666666666664 0.25925925925925924
1 0.6888020833333334 0.37222222222222223 0.07291666666666667 0.30462962962962964
0 0.76953125 0.4666666666666667 0.0890625 0.3055555555555556
0 0.6494791666666667 0.41712962962962963 0.08020833333333334 0.29259259259259257
0 0.51171875 0.7898148148148149 0.13697916666666668 0.39814814814814814
0 0.9393229166666667 0.4083333333333333 0.08125 0.16018518518518518
0 0.9466145833333334 0.3587962962962963 0.06145833333333333 0.13518518518518519
0 0.9565104166666667 0.2708333333333333 0.04010416666666667 0.2351851851851852
0 0.9330729166666667 0.4740740740740741 0.08229166666666667 0.175
0 0.89296875 0.5703703703703704 0.13958333333333334 0.26666666666666666
0 0.72578125 0.8703703703703703 0.20260416666666667 0.25925925925925924
1 0.7299479166666667 0.8939814814814815 0.20572916666666666 0.21203703703703702