0 0.9067149186558479 0.5056119009006111 0.05094968937312861 0.19120762173198078
0 0.43255194498773614 0.5014280691716603 0.15310813140062188 0.34363323849544825
0 0.40316290201741606 0.5220381818882875 0.18248714367785618 0.3522275210358251
0 0.37005732484622894 0.5604774786184458 0.12879605072165354 0.29938058792800926
0 0.29295393012672405 0.5873765118365902 0.13460081209841354 0.34968241665070854
0 0.33807487492622773 0.7080526289579371 0.1859350699203341 0.4891891008921873
0 0.5141487160814816 0.584373088363005 0.1441475489207048 0.3873231111331443
0 0.48748188267756115 0.4501837927934842 0.09973579986823727 0.2529365281956817
0 0.5280156344079228 0.4081060296613831 0.09342047885919627 0.17119094658183834
1 0.7941115572837937 0.5563908717502063 0.08808518231050778 0.2779569679535097
1 0.6836869423333712 0.47692633564585923 0.10948460860004398 0.32846472846040553
0 0.7515096397637109 0.5978547575579948 0.1258124524567208 0.33518987031642106
0 0.6398865458599757 0.5071659245715243 0.11540092264058047 0.3187322863592695
0 0.46042826006992144 0.8010995813539797 0.18429697521024077 0.39780083729204063
0 0.9245147432667863 0.5997136371067004 0.1001861753420035 0.187384430406628
0 0.9377654151715956 0.553803271130033 0.07734045255083734 0.15617019998282697
0 0.9571925747756417 0.47075132676157116 0.06735312793989863 0.24781957781698413
0 0.910457623125279 0.6622718054548657 0.10327570340425325 0.20238788817312997
0 0.8597956310648449 0.7425970714401197 0.17134757176834087 0.3135477148564512
0 0.6610734881933469 0.9070693430435465 0.23037909812375829 0.18586131391290717
1 0.6623832768024694 0.930774775630501 0.22779034200867015 0.138450448738998