0 0.6631963741897451 0.9345382317927943 0.22625642304983368 0.1309235364144115
1 0.5918730992291984 0.9595438235149277 0.1627765397954074 0.08091235297014447
0 0.9136871023461126 0.6114544453772633 0.09559074386202819 0.17892323572552868
0 0.9272253608795379 0.5634008201044056 0.07672683341506499 0.14885986557389233
0 0.9004682037805597 0.6754921082317548 0.10021930056082246 0.19534520762076912
0 0.8507062490742098 0.763613630674054 0.1585463856498798 0.29684106665950377
0 0.626591469132552 0.5470376953918132 0.1043202076598007 0.31050203594336717
0 0.7382274844028125 0.6283160177171347 0.11884402966972137 0.337009078426369
1 0.6686602304968303 0.5104037785052934 0.09968937887217871 0.32702412243603163
1 0.7879636596029045 0.587026044621096 0.07486677679800238 0.2674784986898346
0 0.8929056120363986 0.5181139232653036 0.043043248407739536 0.18649199847333908
0 0.9328930281450679 0.5105980136772719 0.09703478923740978 0.21854341306762926
0 0.4663765598424498 0.5053921317833928 0.0843590953782068 0.24637404400518578
0 0.509341049675898 0.4501910370101759 0.088301349284189 0.1446167150286242
0 0.41779766582260813 0.545024890500294 0.14077967703754765 0.3008423182944122
0 0.386898201507704 0.5884294492162999 0.17011749338576224 0.34201400369609314
0 0.3404865115953489 0.5849093336412885 0.08488276882257466 0.2052912897566616
0 0.2819565330853132 0.6615568966069375 0.12063719067468183 0.3492407529361203
0 0.5056178778237909 0.5900044538944573 0.1264859480103804 0.2945110087090667
0 0.3300831934505445 0.7697549374651036 0.17120731093170344 0.46049012506979287
0 0.45566666222942825 0.8358313339761047 0.17624733469452353 0.3283373320477907