0 0.7252604166666666 0.8689814814814815 0.20625 0.24259259259259258
1 0.6567708333333333 0.9037037037037037 0.14739583333333334 0.1925925925925926
0 0.9393229166666667 0.4083333333333333 0.08229166666666667 0.15833333333333333
0 0.9486979166666667 0.3578703703703704 0.065625 0.13240740740740742
0 0.9315104166666667 0.47453703703703703 0.0859375 0.17314814814814813
0 0.8895833333333333 0.5736111111111111 0.13645833333333332 0.262037037037037
0 0.6515625 0.41574074074074074 0.08020833333333334 0.2898148148148148
0 0.76796875 0.46805555555555556 0.09270833333333334 0.31296296296296294
1 0.6901041666666666 0.36898148148148147 0.07447916666666667 0.3074074074074074
1 0.8135416666666667 0.4152777777777778 0.05416666666666667 0.2537037037037037
0 0.9114583333333334 0.32175925925925924 0.028125 0.1787037037037037
0 0.95 0.30416666666666664 0.08072916666666667 0.19814814814814816
0 0.4903645833333333 0.41388888888888886 0.06510416666666667 0.22962962962962963
0 0.5283854166666667 0.3490740740740741 0.07760416666666667 0.125
0 0.44583333333333336 0.4648148148148148 0.11822916666666666 0.27037037037037037
0 0.41901041666666666 0.5152777777777777 0.14479166666666668 0.30462962962962964
0 0.3729166666666667 0.5231481481481481 0.06927083333333334 0.18703703703703703
0 0.3216145833333333 0.6129629629629629 0.09375 0.325
0 0.5359375 0.4875 0.10416666666666667 0.2675925925925926
0 0.37864583333333335 0.7189814814814814 0.13385416666666666 0.44814814814814813
0 0.5098958333333333 0.7805555555555556 0.1453125 0.37037037037037035