0 0.5244791666666667 0.7912037037037037 0.11979166666666667 0.4111111111111111
0 0.76875 0.4675925925925926 0.0921875 0.3055555555555556
0 0.3234375 0.6162037037037037 0.09583333333333334 0.32037037037037036
0 0.7247395833333333 0.8703703703703703 0.2 0.22685185185185186
0 0.5286458333333334 0.36203703703703705 0.07760416666666667 0.15
0 0.4903645833333333 0.41712962962962963 0.06666666666666667 0.23333333333333334
0 0.4466145833333333 0.4828703703703704 0.1203125 0.30185185185185187
0 0.41848958333333336 0.5143518518518518 0.14114583333333333 0.3055555555555556
0 0.37473958333333335 0.5351851851851852 0.065625 0.2064814814814815
1 0.8044270833333333 0.4064814814814815 0.05520833333333333 0.25092592592592594
1 0.6893229166666667 0.3578703703703704 0.07760416666666667 0.28703703703703703
1 0.6557291666666667 0.9111111111111111 0.1515625 0.17777777777777778
0 0.9098958333333333 0.32314814814814813 0.027083333333333334 0.18333333333333332
0 0.9497395833333333 0.27870370370370373 0.044270833333333336 0.24074074074074073
0 0.9518229166666666 0.35509259259259257 0.057291666666666664 0.12685185185185185
0 0.8888020833333333 0.575 0.13541666666666666 0.262037037037037
0 0.9348958333333334 0.48055555555555557 0.07760416666666667 0.17407407407407408
0 0.9395833333333333 0.41712962962962963 0.07864583333333333 0.16944444444444445
0 0.6518229166666667 0.41203703703703703 0.08489583333333334 0.28425925925925927
0 0.5372395833333333 0.48194444444444445 0.10364583333333334 0.2490740740740741
0 0.37942708333333336 0.7194444444444444 0.13333333333333333 0.4425925925925926