0 0.5577536338756263 0.6682266031287354 0.16291279078607226 0.47630266596527276
0 0.7616499253818015 0.22680990533440176 0.12452228285016768 0.3558376056764374
0 0.3412684271366539 0.6071718088803344 0.12978212821828555 0.3726060309823662
0 0.7629937834657383 0.6374580534825499 0.22178479091699993 0.33431456630471235
0 0.5144417858424979 0.2533513157303508 0.09275413238262947 0.19133816495197598
0 0.4831510528535886 0.32669843697936796 0.09144919255655198 0.26973356328612325
0 0.4474741431472043 0.41341909010879485 0.1516237969016603 0.3667371209709706
0 0.4233872033538588 0.4584756011146969 0.17249349167131206 0.3819589703428339
0 0.382616931235534 0.5017281101366079 0.08719465241878245 0.2420595637821209
1 0.7898005077722448 0.14944976519486783 0.08211661423225677 0.2808466940317479
1 0.6715425549684926 0.16434117099409165 0.10777986319117096 0.3286823419881833
1 0.6996596799980562 0.7134217311037696 0.1684476825384756 0.25901736892498006
0 0.8839469325712076 0.05611116925182195 0.04697231108408081 0.1122223385036439
0 0.9181340651502287 0.04065581876396387 0.07009199577019226 0.08131163752792774
0 0.928534239785532 0.05009618509370193 0.07026133521911362 0.10019237018740386
0 0.8910287004269926 0.2661381429325539 0.16192834913967832 0.3345332308420874
0 0.9258304264228874 0.1508679387842014 0.0954370821613196 0.21592608130864407
0 0.9235380148307228 0.09654486689457717 0.09594276489618683 0.19308973378915434
0 0.640768110133377 0.2358373724319489 0.1150684997381442 0.3299136993850249
0 0.536171687351122 0.36395262382789473 0.12956092948068137 0.30501343838977363
0 0.4076839411226826 0.676527622309854 0.18021543533441406 0.5148792102155786