0 0.7684895833333333 0.4675925925925926 0.09322916666666667 0.30925925925925923
1 0.80859375 0.3976851851851852 0.053125 0.23333333333333334
1 0.6875 0.337037037037037 0.07916666666666666 0.24444444444444444
0 0.9104166666666667 0.32222222222222224 0.030208333333333334 0.18518518518518517
0 0.9489583333333333 0.27314814814814814 0.04479166666666667 0.2351851851851852
0 0.9466145833333334 0.3578703703703704 0.06197916666666667 0.13518518518518519
0 0.9393229166666667 0.4064814814814815 0.07760416666666667 0.15092592592592594
0 0.9236979166666667 0.47962962962962963 0.10416666666666667 0.1814814814814815
0 0.8893229166666666 0.575925925925926 0.13697916666666668 0.262037037037037
1 0.6638020833333333 0.9185185185185185 0.15 0.16296296296296298
0 0.72265625 0.8629629629629629 0.2078125 0.24722222222222223
0 0.5255208333333333 0.8009259259259259 0.12552083333333333 0.39814814814814814
0 0.37916666666666665 0.7111111111111111 0.13645833333333332 0.42962962962962964
0 0.32369791666666664 0.6162037037037037 0.08958333333333333 0.31666666666666665
0 0.37526041666666665 0.5166666666666667 0.06354166666666666 0.20555555555555555
0 0.41953125 0.5152777777777777 0.14635416666666667 0.3074074074074074
0 0.44635416666666666 0.4828703703703704 0.11770833333333333 0.30648148148148147
0 0.5356770833333333 0.48194444444444445 0.10520833333333333 0.2574074074074074
0 0.4901041666666667 0.4148148148148148 0.06927083333333334 0.22962962962962963
0 0.52890625 0.3597222222222222 0.078125 0.14907407407407408
0 0.6481770833333333 0.4152777777777778 0.07708333333333334 0.29814814814814816