0 0.7327651276962316 0.25926040042962467 0.15463341035950104 0.35626056503115894
1 0.7677928661242265 0.17041700702702434 0.09970916181663701 0.25943360176940894
1 0.642468191267813 0.179108974697726 0.12773270227611372 0.2849579234445192
0 0.8640354335460526 0.07098794777121474 0.06734985064879997 0.14197589554242948
0 0.8975175794937239 0.05122304857685124 0.0893398410125523 0.10244609715370248
0 0.9028916281535828 0.06993422191707142 0.08899486992129486 0.13986844383414285
0 0.8990530154435206 0.1068040480102618 0.10764341038077181 0.19154308647926474
0 0.8887310405020181 0.18522929626899798 0.1400703612422909 0.23690033488739448
0 0.861326406604974 0.29562480151510623 0.1893263198042997 0.33394100654601605
1 0.6609442077217537 0.746653330540412 0.18231873792810233 0.24307077170908373
0 0.715628331025307 0.6613356943046402 0.25708876681557413 0.3588952953689506
0 0.5143363922037794 0.7097772983605071 0.2049580924271472 0.4616993170712097
0 0.36169164268240117 0.7057942764487286 0.2219156165071304 0.49962334552900445
0 0.2995298507657883 0.645563380086478 0.1529153371410369 0.36155713239433124
0 0.34378039988299847 0.5225125682012504 0.10449812135716006 0.23798834412433675
0 0.3878280203041856 0.4968329398870209 0.20759607413316641 0.3839668190889437
0 0.4122733695277555 0.4510903818354878 0.17861880053180493 0.3675075155288052
0 0.5013189620080792 0.400990519999726 0.15639882944054714 0.31239884401957707
0 0.45117691961284456 0.36222434853513163 0.11505683522654972 0.26501496986789214
0 0.4857514644011881 0.2881310228992503 0.10758253369496013 0.19061716055333885
0 0.6090063343437535 0.2755637502783133 0.13681008666241515 0.3365960668994994