0 0.9225259151157522 0.480904478309606 0.09764002583555562 0.19758299289513148
0 0.8875945851384143 0.3965850863315388 0.0472646628669447 0.19819625774185293
1 0.7135623925737149 0.9572210874282159 0.1815548051541898 0.0855578251435683
0 0.7407314545669788 0.8871753927155069 0.22881859707395857 0.22564921456898607
0 0.5418761627419905 0.8288179917653522 0.1630619911339816 0.3423640164692956
0 0.390422983252326 0.7881042902361245 0.1802499266075697 0.42379141952775107
0 0.3286929816691085 0.7428151272400768 0.11985576310733811 0.3471741468151019
0 0.37163879302908537 0.6338264395755149 0.08610939279344916 0.22935307211231895
0 0.4151043490384257 0.6247535772152618 0.17794708130638906 0.3804834424448748
0 0.4385119781860299 0.5920154868609643 0.14709668933578718 0.36483889525160546
0 0.4794225108606595 0.5188132346498519 0.0933045146905556 0.2631674073695931
0 0.5277322888179395 0.5785234422936171 0.12805531313275484 0.29901397554185044
0 0.5121752691558679 0.4504149730223032 0.09205589406002328 0.16779703699922263
0 0.6378047697891549 0.5080869575551484 0.11034741527300937 0.33504090768394734
1 0.6671114987657291 0.443614861632296 0.09749542641800939 0.26588506097520886
1 0.7974951733161805 0.4971682805455333 0.07902424461706042 0.28328524937956684
0 0.757081446650891 0.5523690898107003 0.12258115507793997 0.35697453217046377
0 0.8847635388179396 0.6527118300692779 0.16326633225631965 0.33033913930369874
0 0.9227371884504627 0.5445468546739729 0.11189648632185177 0.21531988862890014
0 0.9224243977649652 0.3490442085608527 0.066935975176852 0.2724627360041617
0 0.9255485268177892 0.42953963994424643 0.07439605084826392 0.16782108324942893