0 0.9395833333333333 0.4097222222222222 0.0828125 0.15648148148148147
0 0.9109375 0.3236111111111111 0.029166666666666667 0.18333333333333332
1 0.6893229166666667 0.9314814814814815 0.16927083333333334 0.13703703703703704
0 0.72265625 0.8537037037037037 0.20677083333333332 0.23703703703703705
0 0.5265625 0.7925925925925926 0.12239583333333333 0.4148148148148148
0 0.37942708333333336 0.7203703703703703 0.13645833333333332 0.44814814814814813
0 0.32421875 0.625462962962963 0.09010416666666667 0.30185185185185187
0 0.37552083333333336 0.5208333333333334 0.0671875 0.19537037037037036
0 0.4197916666666667 0.5148148148148148 0.1484375 0.30648148148148147
0 0.44583333333333336 0.4842592592592593 0.1171875 0.30648148148148147
0 0.4921875 0.4148148148148148 0.07083333333333333 0.22777777777777777
0 0.5361979166666667 0.4773148148148148 0.10416666666666667 0.24722222222222223
0 0.5302083333333333 0.34953703703703703 0.0796875 0.1287037037037037
0 0.6520833333333333 0.41574074074074074 0.08125 0.29444444444444445
1 0.6861979166666666 0.3541666666666667 0.075 0.22870370370370371
1 0.8130208333333333 0.4166666666666667 0.05364583333333333 0.25555555555555554
0 0.7682291666666666 0.46805555555555556 0.0921875 0.3101851851851852
0 0.8888020833333333 0.5768518518518518 0.13802083333333334 0.262037037037037
0 0.93515625 0.4726851851851852 0.09583333333333334 0.1675925925925926
0 0.9494791666666667 0.2791666666666667 0.0421875 0.25092592592592594
0 0.9466145833333334 0.3592592592592593 0.0609375 0.13796296296296295