0 0.725 0.8782407407407408 0.2015625 0.24259259259259258
0 0.9471354166666667 0.35694444444444445 0.06302083333333333 0.13240740740740742
0 0.93984375 0.4064814814814815 0.08072916666666667 0.1537037037037037
0 0.9528645833333333 0.275 0.0453125 0.22777777777777777
0 0.9104166666666667 0.3212962962962963 0.029166666666666667 0.18055555555555555
0 0.92421875 0.48055555555555557 0.10416666666666667 0.18425925925925926
0 0.8885416666666667 0.575925925925926 0.1375 0.2611111111111111
0 0.7684895833333333 0.4666666666666667 0.09114583333333333 0.3074074074074074
0 0.64921875 0.4162037037037037 0.07916666666666666 0.2962962962962963
0 0.5325520833333334 0.350462962962963 0.08177083333333333 0.12962962962962962
0 0.49192708333333335 0.41203703703703703 0.06979166666666667 0.225
0 0.5354166666666667 0.4699074074074074 0.10104166666666667 0.24722222222222223
0 0.4466145833333333 0.4828703703703704 0.1171875 0.30648148148148147
0 0.41354166666666664 0.5157407407407407 0.13333333333333333 0.30833333333333335
0 0.3921875 0.5634259259259259 0.096875 0.26944444444444443
0 0.32083333333333336 0.6143518518518518 0.103125 0.31851851851851853
0 0.37942708333333336 0.7217592592592592 0.13333333333333333 0.44814814814814813
1 0.8072916666666666 0.4217592592592593 0.065625 0.24259259259259258
1 0.6841145833333333 0.36944444444444446 0.07708333333333334 0.26481481481481484
1 0.6671875 0.9162037037037037 0.1390625 0.1675925925925926
0 0.5244791666666667 0.7925925925925926 0.12291666666666666 0.4148148148148148