0 0.7581231348512484 0.6699502840251261 0.2212791081821327 0.33653619584942707
0 0.9299332869490478 0.07081316897680381 0.07444315248424639 0.14162633795360763
0 0.9272353601988408 0.11210381257406891 0.09379882916898931 0.19149412788199638
0 0.9281011062963525 0.051771212767732486 0.06536207409448735 0.10354242553546497
0 0.8902681403839979 0.07013955939011514 0.045400720725001044 0.14027911878023028
0 0.9183753069197368 0.19158466823809606 0.11996170062338413 0.23339710173688882
0 0.8918932787185557 0.30076324982715374 0.15982380496849255 0.3259785108852142
0 0.7635243540832526 0.2501666219339653 0.11826319249108816 0.35060041938405295
0 0.6413343952621082 0.2563211989430404 0.10519690736235673 0.3342785620862364
0 0.5201330760129995 0.2460774347756976 0.09268140950999258 0.16815134226113404
0 0.48573400868240285 0.3247713529656675 0.08933252790659338 0.25821085184737497
0 0.5337991512140366 0.36118839959118393 0.12224502185646907 0.2948974877934284
0 0.4474635377282781 0.41484330982646384 0.14380523666227393 0.3618505189470327
0 0.4176519764478057 0.46210580383366423 0.15997228083345974 0.3713488812555846
0 0.40115802660365174 0.5179977811748694 0.1202313812760797 0.31580450914429625
0 0.3352424823670021 0.6007276310625925 0.1308116744061794 0.36775088387143834
0 0.40298432064390977 0.6779396695191618 0.17292376866774742 0.5116474938911181
1 0.7977175469016603 0.1881880297788406 0.08677987327471115 0.2734649989063302
1 0.6713594063540026 0.19465819371580964 0.10040638329278764 0.30192121197754085
1 0.7046530484601211 0.7336778175736121 0.15275298978553167 0.2330467006459051
0 0.5522924591748594 0.6773726663676652 0.15925180685427284 0.46930239193101847