0 0.4895833333333333 0.4134259259259259 0.06614583333333333 0.23055555555555557
0 0.4440104166666667 0.4398148148148148 0.11458333333333333 0.22314814814814815
0 0.5244791666666667 0.7912037037037037 0.11875 0.41759259259259257
0 0.41640625 0.513425925925926 0.14166666666666666 0.3055555555555556
0 0.9098958333333333 0.3236111111111111 0.030729166666666665 0.17407407407407408
0 0.9502604166666667 0.2861111111111111 0.05 0.23055555555555557
0 0.32317708333333334 0.575462962962963 0.103125 0.25555555555555554
0 0.39296875 0.6481481481481481 0.11354166666666667 0.35185185185185186
0 0.37473958333333335 0.5333333333333333 0.05520833333333333 0.20185185185185187
0 0.93984375 0.4115740740740741 0.07760416666666667 0.16018518518518518
0 0.9515625 0.35509259259259257 0.05260416666666667 0.13333333333333333
0 0.93515625 0.4759259259259259 0.08020833333333334 0.17314814814814813
0 0.90078125 0.5662037037037037 0.13177083333333334 0.2675925925925926
0 0.8419270833333333 0.4791666666666667 0.09479166666666666 0.4148148148148148
1 0.8111979166666666 0.42407407407407405 0.05260416666666667 0.27037037037037037
0 0.5348958333333333 0.47129629629629627 0.1 0.23981481481481481
1 0.6877604166666667 0.9365740740740741 0.17708333333333334 0.12685185185185185
0 0.53046875 0.3611111111111111 0.084375 0.1361111111111111
0 0.6828125 0.3925925925925926 0.09635416666666667 0.36666666666666664
0 0.6755208333333333 0.8675925925925926 0.09895833333333333 0.26481481481481484