0 0.48072036680201735 0.4479357907430895 0.09002802385259052 0.24940417861115563
0 0.43300086109572966 0.46072505702125693 0.13804482006890642 0.25565298669997566
0 0.47605704426602563 0.8026566734367278 0.16170736427956267 0.39468665312654455
0 0.3982893969792044 0.5255155140499667 0.17350725580780163 0.34595512226385866
0 0.9040911137689178 0.48046098653926156 0.04866254421065624 0.1826856454469605
0 0.9475737024486274 0.4548321629480573 0.07426951778639126 0.24456861719732942
0 0.2999291419927394 0.5597016999509108 0.12973786859849928 0.28460350170353194
0 0.36109797784545256 0.6518611808575818 0.15046327935277523 0.3839966933328147
0 0.3551972337055487 0.5330699177904467 0.07639322228989821 0.2170172109615761
0 0.9244180022640572 0.5756961559181325 0.09436237147779043 0.18230205769294924
0 0.9417017352990027 0.5235684085923455 0.06663169339854846 0.14797049217833386
0 0.9130338158053395 0.6379988685501907 0.09847547604282052 0.19552912078827417
0 0.869715410757351 0.7170193472434853 0.15957206559616138 0.3052348212809458
0 0.8209429480281769 0.6141535498405007 0.13798266656207758 0.44127362613670035
1 0.7963228814537953 0.5510994163270126 0.08091304133136508 0.2847607179155183
0 0.5194464026854921 0.5180459790093751 0.1249704246339365 0.267635006314166
1 0.622155888344406 0.9662633650010447 0.18828005243632356 0.06747326999791059
0 0.52655989641319 0.4076242024032515 0.09876966841392919 0.1604571213741013
0 0.6731985618463142 0.48276643109160455 0.1347179642180393 0.393938218143466
0 0.6169735376861067 0.9014847033139082 0.1247903511197246 0.19703059337218368