1 0.7396294545645574 0.8883350651154556 0.17275691212473893 0.17008206384231453
0 0.4267313146099585 0.6533749660278024 0.14214429707836776 0.36463360082041607
0 0.5685040545113974 0.7662928863899319 0.1350331698074039 0.44774067755851726
0 0.7254820529974215 0.8186539143032803 0.10644075990531832 0.30099186807175665
1 0.6903426810172915 0.3258569377137045 0.10798204525836373 0.2778975905415208
0 0.5563394530908101 0.46162554732776356 0.12444678596510149 0.2625123958790021
0 0.439949049607049 0.5154709363934591 0.14474854970367043 0.3193601975622882
0 0.4030176373856888 0.5570143493410952 0.08443830010631975 0.25243430322747396
0 0.35321943440766396 0.6419203803663874 0.12466992657198499 0.30136896239714356
0 0.8973998261258741 0.6797839788528849 0.17268227404653658 0.29311169663105535
0 0.9037191820319969 0.5392422350473364 0.10907687748037062 0.267744727727083
0 0.9572801137981943 0.468160448169438 0.06608167364065451 0.20395215724826868
0 0.4657251033936053 0.4523783595964224 0.1351185441470373 0.26828343390620746
0 0.5071739546047861 0.40703427583284046 0.0911347532373585 0.23962217799466576
0 0.5432125465227046 0.34604641844076006 0.09175143929584853 0.1397299192304907
0 0.8210822830901636 0.42556441462155775 0.14028401839328192 0.44877434472026806
0 0.9156510670258544 0.24844191227580806 0.05289077929714168 0.19997910045500286
0 0.9428991791972876 0.23443957073821908 0.06992934697528076 0.2650848166065448
0 0.95795533354274 0.3295890715751485 0.07932581949814312 0.15242352910389143
0 0.9564489840186635 0.41393991088485893 0.08710203196267301 0.20442621868589814