1 0.6817708333333333 0.9263888888888889 0.15989583333333332 0.14722222222222223
0 0.39036458333333335 0.6481481481481481 0.11197916666666667 0.3490740740740741
0 0.521875 0.7819444444444444 0.09791666666666667 0.4361111111111111
0 0.6736979166666667 0.8550925925925926 0.08177083333333333 0.2898148148148148
1 0.68046875 0.36203703703703705 0.08489583333333334 0.2657407407407407
0 0.5356770833333333 0.47685185185185186 0.103125 0.24814814814814815
0 0.41510416666666666 0.513425925925926 0.11875 0.30277777777777776
0 0.37473958333333335 0.549537037037037 0.06354166666666666 0.24351851851851852
0 0.31796875 0.6263888888888889 0.1 0.28703703703703703
0 0.8567708333333334 0.7425925925925926 0.14895833333333333 0.2722222222222222
0 0.875 0.6041666666666666 0.08697916666666666 0.25555555555555554
0 0.934375 0.5416666666666666 0.04895833333333333 0.19722222222222222
0 0.44609375 0.4546296296296296 0.11354166666666667 0.2518518518518518
0 0.49140625 0.41574074074074074 0.07135416666666666 0.22962962962962963
0 0.5322916666666667 0.36064814814814816 0.08072916666666667 0.1287037037037037
0 0.80234375 0.47962962962962963 0.103125 0.43425925925925923
0 0.9114583333333334 0.3175925925925926 0.0359375 0.19537037037037036
0 0.93984375 0.30787037037037035 0.04791666666666667 0.25833333333333336
0 0.946875 0.4041666666666667 0.0671875 0.1425925925925926
0 0.9390625 0.487962962962963 0.07239583333333334 0.19444444444444445