0 0.8517156811447796 0.7000251520212797 0.15234288825645237 0.30559354875391925
0 0.38148295711826335 0.6032244521516443 0.11960048160037644 0.3626730877593685
0 0.5318731512464896 0.4435127624526167 0.11469742938205059 0.2872848819869017
0 0.9594531367705736 0.194145025717205 0.04140156926335597 0.1888731400236214
1 0.643069428710246 0.8573013521644745 0.13285913879806988 0.1761173707215983
1 0.6884919354722289 0.3118982049378132 0.07728834117855167 0.29305028929395827
1 0.8027447587949716 0.36138346851937747 0.07650386363536513 0.2661499117205481
1 0.8948478020848436 0.3083984970806596 0.0696459374986271 0.36264424811939466
0 0.6674128191320707 0.7893526910928278 0.16592091964171943 0.3105589212181407
0 0.3172269062523342 0.575908308291549 0.11200880600525594 0.33143817210199594
0 0.36834643939593653 0.4837255761611661 0.06383376731528981 0.19466344975433508
0 0.409407816019142 0.4354961254351687 0.1573732169898797 0.3939447174893492
0 0.44641425622475894 0.42927302142674656 0.1357489510269866 0.3114481330714589
0 0.4922767725935909 0.36903276513264976 0.0741296125532281 0.23632617920468493
0 0.5329491379883896 0.30742591420228477 0.08407617397136574 0.13641929343148476
0 0.9478741171553309 0.33999868469500066 0.06860572402541767 0.1507042625254744
0 0.9333538306296385 0.41443276446444566 0.0839462613629872 0.1761855825247413
0 0.9016687720530716 0.48815337823050203 0.10960991747744563 0.24610740975213552
0 0.8540509314150391 0.6211758711529008 0.2138012215897857 0.31131958389780723
0 0.5042107536556448 0.7435029194118246 0.12701678868886787 0.42904466288036824