0 0.8645833333333334 0.7574074074074074 0.14375 0.2833333333333333
0 0.390625 0.6462962962962963 0.109375 0.3453703703703704
0 0.5364583333333334 0.4912037037037037 0.10677083333333333 0.27037037037037037
0 0.9578125 0.2550925925925926 0.0359375 0.18333333333333332
1 0.6606770833333333 0.9148148148148149 0.128125 0.16944444444444445
1 0.6895833333333333 0.36435185185185187 0.06875 0.2824074074074074
1 0.8057291666666667 0.41759259259259257 0.06875 0.25555555555555554
1 0.8963541666666667 0.3675925925925926 0.059375 0.3527777777777778
0 0.6830729166666667 0.8490740740740741 0.15729166666666666 0.30185185185185187
0 0.32526041666666666 0.6171296296296296 0.10260416666666666 0.3148148148148148
0 0.37395833333333334 0.5263888888888889 0.058333333333333334 0.18518518518518517
0 0.41354166666666664 0.47962962962962963 0.14635416666666667 0.37037037037037035
0 0.4505208333333333 0.47453703703703703 0.12708333333333333 0.2916666666666667
0 0.4947916666666667 0.41574074074074074 0.06770833333333333 0.22592592592592592
0 0.53359375 0.35509259259259257 0.08020833333333334 0.12407407407407407
0 0.9505208333333334 0.40046296296296297 0.06458333333333334 0.14074074074074075
0 0.9380208333333333 0.47453703703703703 0.07916666666666666 0.1638888888888889
0 0.90859375 0.5472222222222223 0.10260416666666666 0.22962962962962963
0 0.8645833333333334 0.6787037037037037 0.20572916666666666 0.27870370370370373
0 0.51796875 0.7925925925925926 0.11458333333333333 0.4148148148148148