0 0.5138020833333333 0.7851851851851852 0.115625 0.41759259259259257
0 0.5471354166666667 0.49953703703703706 0.11614583333333334 0.21666666666666667
0 0.3932291666666667 0.6569444444444444 0.11302083333333333 0.35833333333333334
0 0.53359375 0.3699074074074074 0.07916666666666666 0.15555555555555556
0 0.8705729166666667 0.7518518518518519 0.13958333333333334 0.2777777777777778
0 0.8875 0.6787037037037037 0.15104166666666666 0.26481481481481484
0 0.9080729166666667 0.5435185185185185 0.10104166666666667 0.21666666666666667
0 0.9299479166666667 0.4699074074074074 0.08645833333333333 0.15833333333333333
0 0.7622395833333333 0.47314814814814815 0.08802083333333334 0.30185185185185187
1 0.68828125 0.35555555555555557 0.07395833333333333 0.26481481481481484
1 0.8098958333333334 0.4356481481481482 0.06510416666666667 0.2898148148148148
1 0.6583333333333333 0.5921296296296297 0.11145833333333334 0.41759259259259257
0 0.684375 0.8537037037037037 0.15520833333333334 0.2861111111111111
1 0.6424479166666667 0.9060185185185186 0.15 0.17314814814814813
0 0.496875 0.4097222222222222 0.071875 0.22314814814814815
0 0.4440104166666667 0.4708333333333333 0.11302083333333333 0.2824074074074074
0 0.42890625 0.5171296296296296 0.1234375 0.29907407407407405
0 0.37109375 0.5259259259259259 0.053125 0.19444444444444445
0 0.31666666666666665 0.6273148148148148 0.0921875 0.3074074074074074
0 0.9419270833333333 0.40694444444444444 0.08229166666666667 0.1537037037037037
0 0.9395833333333333 0.30092592592592593 0.0734375 0.24537037037037038