0 0.5029306294955633 0.7751379905934332 0.12673401692127123 0.42663831548670567
0 0.5438476255171987 0.4909965979914135 0.12177912757266587 0.2265628966216283
0 0.38584973461703254 0.6419301814367181 0.12217948180563501 0.3672928632387867
0 0.5337616179715771 0.36113026199405307 0.08334012356778733 0.16188749671121797
0 0.8602950214964118 0.756635830704737 0.14666434402184764 0.28910631746704213
0 0.8792542892796692 0.6844940900582993 0.15804389157648396 0.27730631114881976
0 0.9033071068454414 0.5502183452625824 0.10666890046148415 0.22532452111181028
0 0.9269569048509562 0.47751667454093966 0.09065603201251472 0.16574203814507643
0 0.7592970550737441 0.4735785349270926 0.09576206757902904 0.3093467496522549
1 0.6884824504164103 0.3528377546974622 0.08093025602057462 0.2710821112289824
1 0.8079587915208047 0.4383172821746622 0.07275449424463526 0.2949837993257366
1 0.6525711277318204 0.5882710690761285 0.12256735025460444 0.42655212249804597
0 0.6717257179344576 0.8443215856143106 0.16279199602163555 0.2866625375203213
1 0.6284084923748364 0.8984511915506064 0.1542825449023932 0.1800194441851027
0 0.49601616996871356 0.3994059988919921 0.07753253601739327 0.22935079982082066
0 0.4414707255198501 0.45839687811494095 0.12064085868872626 0.2913453890656957
0 0.4252913772941988 0.5036328962916142 0.13117267380118078 0.3091534641299379
0 0.3671820979604412 0.510389766626617 0.05806170801505992 0.19839660169271311
0 0.31029272106409306 0.6092385571587106 0.0999650969127868 0.31498849819647035
0 0.9406472348557288 0.4147419343895863 0.08645300267875697 0.16010028960086095
0 0.9410807390860466 0.308728802932859 0.07976132001908999 0.25161611853737287