0 0.41328125 0.24212962962962964 0.03333333333333333 0.17314814814814813
0 0.6713541666666667 0.6324074074074074 0.15416666666666667 0.24722222222222223
0 0.7848958333333333 0.5564814814814815 0.109375 0.41574074074074074
0 0.6752604166666667 0.44351851851851853 0.13802083333333334 0.34629629629629627
0 0.3625 0.7601851851851852 0.1375 0.2824074074074074
0 0.6046875 0.35833333333333334 0.0703125 0.22777777777777777
0 0.5609375 0.5416666666666666 0.09583333333333334 0.2759259259259259
0 0.4622395833333333 0.6393518518518518 0.12708333333333333 0.27037037037037037
0 0.11276041666666667 0.950462962962963 0.14114583333333333 0.09907407407407408
0 0.44869791666666664 0.2125 0.0359375 0.1712962962962963
0 0.8591145833333333 0.7625 0.21302083333333333 0.28703703703703703
0 0.88359375 0.6189814814814815 0.15416666666666667 0.3055555555555556
0 0.9278645833333333 0.5074074074074074 0.08645833333333333 0.20277777777777778
0 0.8221354166666667 0.9111111111111111 0.19947916666666668 0.17777777777777778
0 0.52890625 0.913425925925926 0.22604166666666667 0.17314814814814813