0 0.43494342266782093 0.23425925925925925 0.04894260661483259 0.17592592592592593
0 0.7055067524406112 0.6481481481481481 0.17689551788797975 0.2611111111111111
0 0.8172724563019497 0.5828703703703704 0.14648064790986742 0.425
0 0.7037417983382336 0.4597222222222222 0.1691017390874047 0.35833333333333334
0 0.39912454055177127 0.7472222222222222 0.16324122229921098 0.29444444444444445
0 0.6303536112073471 0.3680555555555556 0.09093300600115413 0.23425925925925925
0 0.5919878140843827 0.5472222222222223 0.1204515626180014 0.28425925925925927
0 0.4956531549530661 0.6356481481481482 0.15153733725039883 0.2814814814814815
0 0.1540301459412618 0.9138888888888889 0.15037375649330567 0.11203703703703703
0 0.4696085692368631 0.20833333333333334 0.051437289703097494 0.17407407407407408
0 0.8890337987387362 0.7953703703703704 0.22193240252252763 0.30648148148148147
0 0.9137182848305999 0.6546296296296297 0.1725634303388001 0.3194444444444444
0 0.9535643938383752 0.5472222222222223 0.09287121232324959 0.2101851851851852
0 0.8641034969215354 0.9212962962962963 0.21399360416414837 0.1574074074074074
0 0.5701626869952574 0.9092592592592592 0.24145855735003774 0.1814814814814815