0 0.92890625 0.5162037037037037 0.10104166666666667 0.22037037037037038
0 0.4125 0.23796296296296296 0.03958333333333333 0.16018518518518518
0 0.11640625 0.95 0.11979166666666667 0.09814814814814815
0 0.36875 0.7648148148148148 0.14375 0.2916666666666667
0 0.4513020833333333 0.2111111111111111 0.036458333333333336 0.18425925925925926
0 0.6049479166666667 0.35138888888888886 0.06927083333333334 0.23981481481481481
0 0.5559895833333334 0.5518518518518518 0.10104166666666667 0.2916666666666667
0 0.4609375 0.6527777777777778 0.125 0.2953703703703704
0 0.5361979166666667 0.9287037037037037 0.24166666666666667 0.14074074074074075
0 0.67265625 0.6458333333333334 0.15104166666666666 0.26481481481481484
0 0.6776041666666667 0.44305555555555554 0.13541666666666666 0.3398148148148148
0 0.79296875 0.5439814814814815 0.10520833333333333 0.3888888888888889
0 0.8190104166666666 0.9101851851851852 0.20677083333333332 0.17407407407407408
0 0.8932291666666666 0.6342592592592593 0.13125 0.32314814814814813