0 0.9046027174156747 0.5673019229114646 0.12826668885176792 0.2587245215766251
0 0.3817226844843496 0.3202813848297929 0.05932139364937174 0.17545037070556907
0 0.09807883562178198 0.9905604661151988 0.12722259914030207 0.01887906776960251
0 0.3462130200365296 0.8393458696689844 0.17932317054889105 0.32130826066203116
0 0.42002864926524897 0.2907667611694361 0.05897444065434942 0.19835549478836742
0 0.5767010273157845 0.42201927847344106 0.09869043996102296 0.26606309335023287
0 0.5307923381173534 0.6263139632361846 0.13664945174690005 0.3298239641430449
0 0.4369471827513699 0.7335379489099297 0.16109400388222436 0.3428095924043343
0 0.5175449641575115 0.9449145413624683 0.25886318954509424 0.11017091727506327
0 0.6493540465893858 0.7133658998999154 0.18373954645018198 0.3215359614063644
0 0.6511237607462239 0.509673948714785 0.1770667645588465 0.39121209726699524
0 0.768539555116763 0.6035488177902854 0.1526922491678062 0.4287473548227156
0 0.8007888650864747 0.9218357527286544 0.22861364184679 0.15632849454269127
0 0.8706950135887953 0.6880490017678433 0.17093461550173003 0.3728094244565701