0 0.88984375 0.6416666666666667 0.13125 0.3435185185185185
0 0.44817708333333334 0.13703703703703704 0.03854166666666667 0.11666666666666667
0 0.6028645833333334 0.3990740740740741 0.05520833333333333 0.33425925925925926
0 0.10052083333333334 0.8032407407407407 0.13020833333333334 0.3611111111111111
0 0.359375 0.7583333333333333 0.134375 0.28055555555555556
0 0.46041666666666664 0.6407407407407407 0.12239583333333333 0.2740740740740741
0 0.5546875 0.5407407407407407 0.0953125 0.262037037037037
0 0.6739583333333333 0.6416666666666667 0.14947916666666666 0.24351851851851852
0 0.5359375 0.9143518518518519 0.2453125 0.1712962962962963
0 0.8158854166666667 0.9083333333333333 0.20572916666666666 0.18333333333333332
0 0.40911458333333334 0.3314814814814815 0.04375 0.30462962962962964
0 0.9299479166666667 0.5481481481481482 0.09583333333333334 0.262037037037037
0 0.7861979166666667 0.5300925925925926 0.10729166666666666 0.41574074074074074
0 0.6765625 0.4444444444444444 0.13177083333333334 0.34444444444444444
0 0.46197916666666666 0.34074074074074073 0.06354166666666666 0.32037037037037036