0 0.8243984198108326 0.7892405991229264 0.18691718812077268 0.3849076527807119
0 0.4809923440507482 0.13602127972271513 0.05765268275242714 0.12882286776527888
0 0.5874032778863506 0.4483023562957777 0.1094841922620302 0.3490861456019922
0 0.06627248963721818 0.6632117408586119 0.13254497927443637 0.40234940764314975
0 0.29470853128942764 0.7129301187966831 0.17991215035090966 0.3246470487304493
0 0.41123554396247297 0.6337650738854361 0.1667919895318581 0.31327735865335865
0 0.5180556688426555 0.5696946466510646 0.13805086136359665 0.29233595973311644
0 0.6165019785362559 0.7117073826767064 0.18909252803026344 0.2933918238442002
0 0.44057285389570805 0.9004924930805905 0.27089965522070947 0.19901501383881884
0 0.7136130439528349 0.9479806274370872 0.22843836866829623 0.10403874512582548
0 0.4119551876125887 0.31257619447388074 0.09304037647154194 0.31545113680834935
0 0.8782445522449879 0.7120234001225217 0.1385716946969301 0.292346733856699
0 0.7426167604585039 0.6429376183605031 0.17480643276206537 0.4475473920362005
0 0.6509493493998175 0.519605012707117 0.18748970152236027 0.3858443528302204
0 0.461237715633214 0.340478523375025 0.11563486477631185 0.3381150980974534