0 0.6746671921795407 0.5588883757947415 0.13158427988897875 0.29609109114414606
0 0.7892269170191503 0.7951988255392218 0.19972965747329757 0.17535293498452423
0 0.49767870124100594 0.8204996797939175 0.2457998925836757 0.22916941541828245
0 0.550370320159571 0.44146710211482987 0.11145920977374572 0.27243604264476934
0 0.4425394405080191 0.5715574178846402 0.1398817303596207 0.32701730424575176
0 0.3353099583228039 0.6807711808720514 0.14760330214637538 0.32275833216217253
0 0.9134960153518404 0.4541512410198216 0.11413914995145026 0.2774978667650577
0 0.7983559658224824 0.44371104677543965 0.09717026568104477 0.510151421950899
0 0.6906451963361758 0.34431384223957956 0.11267559373600568 0.4102261278114688
0 0.6071918464416989 0.28613794096376605 0.07721502863533752 0.3064594512847571
0 0.4296929798541745 0.26157659690722246 0.09530066385123868 0.4276575756453598
1 0.48920916279600823 0.22722874493223222 0.09717740481194236 0.3836453256915741
0 0.5640702347590045 0.6834355869857579 0.19197464493688537 0.3679821625682021