0 0.6934895833333333 0.6430555555555556 0.11510416666666666 0.25833333333333336
0 0.8260416666666667 0.9115740740740741 0.18958333333333333 0.17685185185185184
0 0.5328125 0.912962962962963 0.23489583333333333 0.17407407407407408
0 0.5606770833333333 0.525 0.09583333333333334 0.24074074074074073
0 0.46041666666666664 0.6537037037037037 0.12135416666666667 0.28703703703703703
0 0.35963541666666665 0.7611111111111111 0.1296875 0.2796296296296296
0 0.9270833333333334 0.5412037037037037 0.0984375 0.24537037037037038
0 0.8104166666666667 0.5296296296296297 0.065625 0.48703703703703705
0 0.6955729166666667 0.42962962962962964 0.08802083333333334 0.38055555555555554
0 0.6075520833333333 0.37083333333333335 0.058333333333333334 0.2861111111111111
0 0.42734375 0.34444444444444444 0.06927083333333334 0.40370370370370373
1 0.48489583333333336 0.3106481481481482 0.07395833333333333 0.35833333333333334
0 0.5901041666666667 0.7662037037037037 0.171875 0.31203703703703706