0 0.4205729166666667 0.3333333333333333 0.057291666666666664 0.3861111111111111
0 0.6015625 0.37962962962962965 0.0703125 0.29814814814814816
0 0.43828125 0.1824074074074074 0.04583333333333333 0.11388888888888889
1 0.48333333333333334 0.3189814814814815 0.07239583333333334 0.36203703703703705
0 0.7921875 0.5439814814814815 0.09947916666666666 0.3888888888888889
0 0.59296875 0.7541666666666667 0.16354166666666667 0.3111111111111111
0 0.9479166666666666 0.40555555555555556 0.0625 0.32222222222222224
0 0.9138020833333333 0.5745370370370371 0.12395833333333334 0.2796296296296296
0 0.8674479166666667 0.7912037037037037 0.17395833333333333 0.2796296296296296
0 0.8270833333333333 0.9101851851851852 0.19322916666666667 0.17962962962962964
0 0.5309895833333333 0.9152777777777777 0.2328125 0.16944444444444445
0 0.7013020833333333 0.6546296296296297 0.10208333333333333 0.2824074074074074
0 0.5619791666666667 0.5430555555555555 0.0890625 0.26666666666666666
0 0.46041666666666664 0.662962962962963 0.12239583333333333 0.3111111111111111
0 0.3541666666666667 0.7541666666666667 0.128125 0.27037037037037037