0 0.4223161925066684 0.291155197626379 0.07258647781234788 0.39643333222991006
0 0.6011250756237939 0.33926135931647206 0.08215766477155408 0.31118473498079424
0 0.4459152890970033 0.14024828159556477 0.05011291314889779 0.12164640774397073
1 0.48568380871334443 0.27711912961846097 0.08643078950074508 0.37537550372138156
0 0.7847553254892133 0.5058530570173994 0.11483761606989873 0.40640799485247264
0 0.5779300802247983 0.7140267209558615 0.17559592857017325 0.3402005303419489
0 0.9456089602289952 0.36856095800824656 0.07509327759614023 0.3337291234255457
0 0.904919139071625 0.5375361257314699 0.13462546374346876 0.3016515410949818
0 0.8502330922650823 0.7539288577715834 0.18467091964171942 0.310421237262189
0 0.8052817385046289 0.853406312171847 0.19999209172016919 0.17476422240434464
0 0.5098042792242885 0.8681579207837429 0.23924550649282186 0.1974430938312718
0 0.6897448790610343 0.6154890964737592 0.11328038825645237 0.30080931360381746
0 0.5552905593906412 0.5021863024892116 0.0995750803560836 0.28302137891655677
0 0.44925624675578596 0.6215242777969628 0.13441373051823943 0.3330898968833636
0 0.3396066018697344 0.7115560661733328 0.13870121861363446 0.29273728738052074