0 0.6867817972468306 0.5470333535439634 0.14850105952996226 0.2950236964870164
1 0.39982082022578996 0.3894578665274101 0.14122798169681375 0.4252075238079895
0 0.3599814612926037 0.7874720315102645 0.16795196637750748 0.31504997642906807
0 0.45550621375968897 0.6559480418528811 0.1693204035560483 0.353012939392031
0 0.5397961757167458 0.5113617734555764 0.1505106451765722 0.3219078725331797
0 0.5765129297772852 0.329868816264987 0.12154423760920423 0.3265583506480128
0 0.4102420864187274 0.20138176888435685 0.0586655017472624 0.15535223761359093
0 0.7711486050295305 0.40753159669067346 0.16033193244739816 0.4211758917731229
0 0.5921621072412934 0.7039637388242646 0.20979171190476245 0.36444260605820944
0 0.5515755778362236 0.8629169697040707 0.2627444314199586 0.2458500663749722
0 0.8398622257382786 0.7383598049648644 0.2081834428325339 0.27652812938671373
0 0.8710376796757712 0.6384291397415353 0.21609527400639905 0.35168975035827144
0 0.8981515952104092 0.3841678436859579 0.17234527400639904 0.35033213419718784
0 0.9220178958471759 0.21278499904932885 0.11435270049218692 0.3291098590656101