0 0.6947916666666667 0.6439814814814815 0.11041666666666666 0.25555555555555554
1 0.4276041666666667 0.3726851851851852 0.08125 0.4
0 0.35625 0.7518518518518519 0.128125 0.26851851851851855
0 0.46015625 0.6597222222222222 0.1234375 0.30925925925925923
0 0.5541666666666667 0.55 0.10833333333333334 0.2833333333333333
0 0.6049479166666667 0.38425925925925924 0.07604166666666666 0.30185185185185187
0 0.453125 0.19027777777777777 0.0375 0.1425925925925926
0 0.7885416666666667 0.5393518518518519 0.10208333333333333 0.387037037037037
0 0.5895833333333333 0.7620370370370371 0.16510416666666666 0.3037037037037037
0 0.5356770833333333 0.913425925925926 0.2390625 0.17314814814814813
0 0.8283854166666667 0.8953703703703704 0.17760416666666667 0.20925925925925926
0 0.8669270833333333 0.8087962962962963 0.17395833333333333 0.28703703703703703
0 0.9143229166666667 0.5671296296296297 0.12708333333333333 0.30462962962962964
0 0.9515625 0.4064814814814815 0.06822916666666666 0.3074074074074074