0 0.7916666666666666 0.5412037037037037 0.09166666666666666 0.38333333333333336
0 0.42109375 0.1875 0.023958333333333335 0.0962962962962963
0 0.5971354166666667 0.36944444444444446 0.07447916666666667 0.2777777777777778
0 0.871875 0.46064814814814814 0.09947916666666666 0.4601851851851852
0 0.94296875 0.17222222222222222 0.021875 0.17685185185185184
0 0.9106770833333333 0.5532407407407407 0.12916666666666668 0.27685185185185185
0 0.871875 0.7856481481481481 0.14739583333333334 0.27037037037037037
0 0.82734375 0.8967592592592593 0.15 0.2064814814814815
0 0.5291666666666667 0.9115740740740741 0.221875 0.17685185185185184
0 0.59296875 0.7416666666666667 0.159375 0.26851851851851855
0 0.6973958333333333 0.6458333333333334 0.11822916666666666 0.25925925925925924
0 0.5541666666666667 0.5412037037037037 0.1015625 0.27314814814814814
0 0.459375 0.6592592592592592 0.125 0.3055555555555556
0 0.3502604166666667 0.7416666666666667 0.11770833333333333 0.3111111111111111
1 0.41953125 0.36018518518518516 0.06927083333333334 0.3824074074074074
0 0.45208333333333334 0.1962962962962963 0.033854166666666664 0.14444444444444443