0 0.7698721886274 0.31727988599581464 0.15685509021069965 0.4287782400552305
0 0.373177513126513 0.17517719180736763 0.04017837495168924 0.10847475174582852
0 0.5627982514575833 0.25591595325572947 0.12158744182452969 0.3145236315399976
0 0.842921511306509 0.22595561252324536 0.17761387142446666 0.4519112250464907
0 0.8889782001433156 0.26534713762736317 0.1756902926330613 0.34297649989948104
0 0.8695271282695053 0.5085993667963162 0.1923994745522729 0.3461476249040541
0 0.8345783872567397 0.6384543911098743 0.18438513455097952 0.28433488908086574
0 0.5398401010420029 0.8010056737412689 0.24963814758087136 0.27380107847980156
0 0.5890372495811868 0.6144794012329445 0.2039853536432408 0.3504689770484015
0 0.6848278097860676 0.4672262710000319 0.16169160849119635 0.31992614182299195
0 0.5342643752415535 0.44333943061944875 0.14740588192567708 0.3244430741106572
0 0.44964519190498725 0.6065714166071765 0.1764024016235285 0.3697581892801252
0 0.3481148147306447 0.7435553853834707 0.1702374321286181 0.3707680914774846
1 0.38573097953707874 0.34142233691174806 0.13399158909937298 0.4155760686081134
0 0.40459757413669234 0.16726373983120085 0.058141713841655826 0.16150555180798598