0 0.5971354166666667 0.35648148148148145 0.071875 0.2490740740740741
1 0.41822916666666665 0.36203703703703705 0.0890625 0.37592592592592594
0 0.45208333333333334 0.18425925925925926 0.028125 0.11574074074074074
0 0.42109375 0.1884259259259259 0.03125 0.09907407407407408
0 0.7322916666666667 0.49166666666666664 0.065625 0.48703703703703705
0 0.5940104166666667 0.750462962962963 0.1515625 0.25555555555555554
0 0.7044270833333334 0.6361111111111111 0.09427083333333333 0.23703703703703705
0 0.8888020833333333 0.4078703703703704 0.08125 0.39444444444444443
0 0.91328125 0.5888888888888889 0.134375 0.32037037037037036
0 0.871875 0.799074074074074 0.14739583333333334 0.29444444444444445
0 0.7973958333333333 0.5208333333333334 0.08177083333333333 0.4046296296296296
0 0.8260416666666667 0.9013888888888889 0.1828125 0.1962962962962963
0 0.5286458333333334 0.9115740740740741 0.22083333333333333 0.17685185185185184
0 0.35234375 0.7481481481481481 0.11614583333333334 0.30833333333333335
0 0.4591145833333333 0.6555555555555556 0.12135416666666667 0.2953703703703704
0 0.56328125 0.5425925925925926 0.08333333333333333 0.25092592592592594