0 0.5985023378146543 0.32216909732530036 0.09967043741312694 0.27534011056449725
1 0.4223108524271639 0.29655045531004975 0.13121584394710234 0.40880783449355196
0 0.47588394975233095 0.12525045695272252 0.04122291604599108 0.12615904243084147
0 0.44501565743084076 0.12382960543833732 0.04237302660572458 0.1105800888219618
0 0.7156291537097933 0.4808729618584104 0.12088767107668588 0.5102373861724876
0 0.550565605254352 0.7145048789378687 0.18010994168655425 0.31229495799311524
0 0.6717350019318258 0.6197746849870435 0.120879054865582 0.271995645811043
0 0.8786392939771263 0.42474917733696155 0.12589906672070228 0.42395535575080223
0 0.8818484410688847 0.6095614253038275 0.17020413330481243 0.3703677782853933
0 0.8181918683508235 0.779135262240474 0.17836478715119763 0.28533524805335614
0 0.776122864490178 0.5212416294091576 0.1272075736134236 0.4342483990238947
0 0.7620303235481338 0.8509745510373381 0.201458364212485 0.1556782218875869
0 0.4683966270357728 0.8472121661338895 0.23919097118776284 0.22791784443890986
0 0.3138433037653318 0.6697599366242135 0.15049665232884404 0.3517057369924403
0 0.429010269990696 0.5959663680052725 0.15437222056708724 0.34102605823295856
0 0.5441900833348364 0.5018563580599147 0.11127431996067211 0.282082105087034