0 0.5819267752280705 0.44939927433203214 0.13005014668567866 0.3264155325943589
0 0.6260650395383945 0.29905018781541187 0.1235331192273146 0.34071751494383634
0 0.8078312685048913 0.4768134396948003 0.1633634114673761 0.4164298254186709
0 0.5217228326269281 0.7969136448477033 0.2414374145461417 0.26311901883042144
0 0.6053498727619591 0.6635481138139883 0.2018467618914812 0.38092724650861903
0 0.7112291982253234 0.5762773814325586 0.14564917587197498 0.3184902436353306
0 0.9033458689289963 0.41402583557900646 0.18665051649413536 0.5228044991746067
0 0.9170816092445676 0.5333196616990712 0.16583678151086473 0.37023124849260985
0 0.8383468834123755 0.7816521405978659 0.20610597964191346 0.1635371613772939
0 0.8805608265791657 0.7097483219177673 0.19563642664166636 0.2861744966946181
0 0.4558580760290121 0.1157339049236097 0.07145710521530854 0.20482203891832998
0 0.49432820486972207 0.09598923364766256 0.0561187288722221 0.17612136466639638
0 0.37339724373269984 0.6307829199914455 0.14914508658515402 0.34760502116510944
0 0.47433183983697463 0.5552394045516114 0.17324649557040092 0.37620090732601086