0 0.5596354166666667 0.5393518518518519 0.08645833333333333 0.2796296296296296
0 0.5947916666666667 0.38425925925925924 0.07708333333333334 0.29907407407407405
0 0.7856770833333333 0.5337962962962963 0.1078125 0.35833333333333334
0 0.5221354166666666 0.9078703703703703 0.21510416666666668 0.1814814814814815
0 0.5955729166666667 0.7476851851851852 0.15572916666666667 0.2972222222222222
0 0.6955729166666667 0.6458333333333334 0.10520833333333333 0.262037037037037
0 0.8768229166666667 0.45787037037037037 0.11510416666666666 0.4601851851851852
0 0.90703125 0.5726851851851852 0.1390625 0.2953703703703704
0 0.8411458333333334 0.8986111111111111 0.18177083333333333 0.20277777777777778
0 0.8747395833333333 0.7800925925925926 0.15885416666666666 0.25462962962962965
0 0.41510416666666666 0.2273148148148148 0.043229166666666666 0.1814814814814815
0 0.45208333333333334 0.2023148148148148 0.03125 0.15925925925925927
0 0.36328125 0.7486111111111111 0.10416666666666667 0.2916666666666667
0 0.4591145833333333 0.6592592592592592 0.12552083333333333 0.30833333333333335