0 0.46672825473422414 0.9079810814275807 0.23275905068427202 0.18403783714483854
0 0.5618767578373458 0.836178020787668 0.19961395602587756 0.32764395842466393
0 0.653706691610952 0.8128854020877795 0.18546660980266552 0.3506231157910427
0 0.45574826023763565 0.26306860798058573 0.07063443334924173 0.2176649420039598
0 0.33227961716261883 0.7187043126622955 0.14745183691384736 0.3464271813188052
0 0.495016632903666 0.2600325412234351 0.05636587823572666 0.18428907379986995
0 0.4445129576039523 0.6931186657024219 0.16061206047102913 0.3694775393952943
0 0.553484938043695 0.6462787105819685 0.12968895957987764 0.3357083239644095
0 0.6170289051426804 0.4961825607154292 0.11545070668893848 0.3069620853899492
0 0.7751786720506947 0.7677293462763114 0.16303477869721092 0.42161004113197703
0 0.8739430711595432 0.7454634680976645 0.17981695870463454 0.509073063804671
0 0.8867282769467246 0.8459652391138076 0.1741355458041504 0.30806952177238484
0 0.8266756018459364 0.9416010787311835 0.18786435646084765 0.11679784253763298
0 0.7767788118501785 0.9932976983703146 0.20119960311903 0.013404603259370847