0 0.5213541666666667 0.9097222222222222 0.21197916666666666 0.18055555555555555
0 0.5955729166666667 0.7444444444444445 0.16302083333333334 0.27314814814814814
0 0.6765625 0.649074074074074 0.15 0.2657407407407407
0 0.4125 0.23287037037037037 0.0421875 0.19537037037037036
0 0.35911458333333335 0.7476851851851852 0.10729166666666666 0.28703703703703703
0 0.44947916666666665 0.20694444444444443 0.03177083333333333 0.1675925925925926
0 0.46197916666666666 0.6564814814814814 0.11822916666666666 0.3037037037037037
0 0.55859375 0.5467592592592593 0.0890625 0.28703703703703703
0 0.5979166666666667 0.3638888888888889 0.07760416666666667 0.26481481481481484
0 0.7854166666666667 0.5337962962962963 0.11145833333333334 0.3611111111111111
0 0.8768229166666667 0.4597222222222222 0.11354166666666667 0.46111111111111114
0 0.90625 0.5731481481481482 0.13333333333333333 0.29444444444444445
0 0.8760416666666667 0.7912037037037037 0.1515625 0.27685185185185185
0 0.83984375 0.8953703703703704 0.17604166666666668 0.20925925925925926