0 0.41510416666666666 0.23472222222222222 0.041666666666666664 0.20185185185185187
0 0.875 0.7861111111111111 0.159375 0.2722222222222222
0 0.8403645833333333 0.8949074074074074 0.175 0.2101851851851852
0 0.45989583333333334 0.6564814814814814 0.12552083333333333 0.3111111111111111
0 0.5536458333333333 0.5509259259259259 0.10833333333333334 0.30185185185185187
0 0.5221354166666666 0.9092592592592592 0.2109375 0.1814814814814815
0 0.5934895833333333 0.7564814814814815 0.16145833333333334 0.2916666666666667
0 0.6953125 0.638425925925926 0.10729166666666666 0.2518518518518518
0 0.9158854166666667 0.5916666666666667 0.13697916666666668 0.2833333333333333
0 0.8682291666666667 0.45694444444444443 0.10208333333333333 0.4601851851851852
0 0.7875 0.5314814814814814 0.10572916666666667 0.35833333333333334
0 0.5971354166666667 0.362962962962963 0.07760416666666667 0.25925925925925924
0 0.35911458333333335 0.7481481481481481 0.1 0.29074074074074074
0 0.44895833333333335 0.21064814814814814 0.030208333333333334 0.18055555555555555