0 0.42547654783626865 0.23375258681533717 0.058583095532939326 0.20998186724322057
0 0.8336720371542038 0.8637794795528005 0.18224179142462493 0.272441040894399
0 0.7910642881193651 0.9287929259215322 0.19077629335494753 0.1424141481569357
0 0.43406092500863325 0.6621445242850337 0.151937861317001 0.33685198412524053
0 0.5355720751324677 0.5777234037932054 0.13391417135287564 0.3242654357849077
0 0.4740651481965179 0.9064752631049046 0.2255280135092531 0.18704947379019085
0 0.5576332425579049 0.7901540690165346 0.18599750468620896 0.3258816455004836
0 0.6685379453423119 0.6953676370767841 0.12843756175830354 0.27413613900766187
0 0.8908189112231903 0.6967052159581587 0.1611787231863815 0.31215906397119986
0 0.8549834701558086 0.5524213410187657 0.1411388075531723 0.48084388984932375
0 0.7687955285375504 0.6090542594902145 0.135890496828326 0.3798371534376191
0 0.5946809915229446 0.40070863924227834 0.09931941149637424 0.2750829134187912
0 0.32642748945603 0.7315488037476002 0.12472038985304827 0.31102771717029704
0 0.46083328701460574 0.2172428547321803 0.045476640473723746 0.18644582876333424