0 0.8637539933203122 0.511829164324989 0.13768662816537044 0.45321473235386267
0 0.8948751825936224 0.6605611715536966 0.15097241527300936 0.3144820629691569
0 0.7734491516917704 0.5877530141514509 0.143148663689792 0.3930941897221325
0 0.6011949048259027 0.37984078342597033 0.09782273473863418 0.2722713214775767
0 0.5520529916423146 0.5534737507250315 0.11068641065043987 0.3001783843622646
0 0.43944301792159696 0.6425895058912764 0.14704819921421308 0.3329574864520387
0 0.33378571549011543 0.7177463427357227 0.1360864541534261 0.33099251013164044
0 0.4335976338972569 0.19409959956789344 0.054798344667893656 0.16813666741750596
0 0.4682815406854976 0.19003766838045957 0.04176538880416677 0.1670760695052154
0 0.6727153031293747 0.6846152414606106 0.12990875386219922 0.2966739951983807
0 0.5592515619630899 0.7593899185339128 0.19188835600245396 0.337124461788837
0 0.843195558923738 0.8490331946251183 0.1729924501641437 0.28600999508200037
0 0.4898274551054857 0.9309181593168879 0.23708957586097235 0.13021264729125157
0 0.7864844672951963 0.9246095907267593 0.20748693357372688 0.13638707664382158