0 0.8692708333333333 0.44027777777777777 0.103125 0.4324074074074074
0 0.9122395833333333 0.5810185185185185 0.128125 0.28703703703703703
0 0.7856770833333333 0.5342592592592592 0.11354166666666667 0.36944444444444446
0 0.59765625 0.3638888888888889 0.07708333333333334 0.2564814814814815
0 0.5630208333333333 0.5458333333333333 0.08802083333333334 0.2824074074074074
0 0.4583333333333333 0.6574074074074074 0.12239583333333333 0.3074074074074074
0 0.35963541666666665 0.7537037037037037 0.11145833333333334 0.3074074074074074
0 0.4161458333333333 0.21481481481481482 0.0421875 0.15925925925925927
0 0.45026041666666666 0.2037037037037037 0.028645833333333332 0.16203703703703703
0 0.6934895833333333 0.6509259259259259 0.1078125 0.2740740740740741
0 0.5869791666666667 0.7481481481481481 0.16822916666666668 0.30092592592592593
0 0.8770833333333333 0.7861111111111111 0.15208333333333332 0.26944444444444443
0 0.5330729166666667 0.9467592592592593 0.2296875 0.10648148148148148
0 0.8291666666666667 0.9092592592592592 0.19479166666666667 0.1814814814814815