0 0.87109375 0.45601851851851855 0.11145833333333334 0.4546296296296296
0 0.59296875 0.3685185185185185 0.08125 0.27037037037037037
0 0.44765625 0.20555555555555555 0.03854166666666667 0.16574074074074074
0 0.41328125 0.2388888888888889 0.044270833333333336 0.19537037037037036
0 0.7872395833333333 0.5337962962962963 0.10520833333333333 0.36666666666666664
0 0.55546875 0.5467592592592593 0.10729166666666666 0.287962962962963
0 0.45755208333333336 0.6578703703703703 0.12708333333333333 0.3074074074074074
0 0.3572916666666667 0.7486111111111111 0.11822916666666666 0.2777777777777778
0 0.6971354166666667 0.6472222222222223 0.1046875 0.2518518518518518
0 0.5854166666666667 0.7453703703703703 0.16979166666666667 0.26944444444444443
0 0.5380208333333333 0.9175925925925926 0.19270833333333334 0.1648148148148148
0 0.8760416666666667 0.8074074074074075 0.1578125 0.3
0 0.8223958333333333 0.9083333333333333 0.203125 0.18333333333333332
0 0.9098958333333333 0.5824074074074074 0.13020833333333334 0.28888888888888886