0 0.867131805254957 0.2865740740740741 0.19972792983886004 0.49074074074074076
0 0.5879066169576483 0.3300925925925926 0.1333645787574459 0.29814814814814816
0 0.41910348363823535 0.23981481481481481 0.07079373433156183 0.17777777777777778
0 0.39322209380182277 0.2875 0.08234271159166487 0.20925925925925926
0 0.8033206298527805 0.40046296296296297 0.17635885121994502 0.4027777777777778
0 0.5876935414583658 0.5194444444444445 0.16252464559048388 0.3277777777777778
0 0.5173307350245518 0.6722222222222223 0.18637913532979056 0.35555555555555557
0 0.4407628467133228 0.8060185185185185 0.17165653618948842 0.32314814814814813
0 0.740933496325235 0.5513888888888889 0.15333672559605205 0.2916666666666667
0 0.6548657533966938 0.6976851851851852 0.22087198627267432 0.33796296296296297
0 0.6433748247360176 0.8805555555555555 0.22244027842470307 0.2388888888888889
0 0.9165685460342533 0.6236111111111111 0.1668629079314935 0.36203703703703705
0 0.8957327204657054 0.7462962962962963 0.20853455906858923 0.27037037037037037
0 0.9178016368205097 0.3912037037037037 0.16439672635898053 0.3388888888888889