0 0.5689036258436373 0.8923965148171558 0.18876834631994466 0.2152069703656884
0 0.854262405377403 0.929403175589949 0.2201341205857465 0.1411936488201019
0 0.8143953670252037 0.5855948556945907 0.14758177438128542 0.37574471193152714
0 0.9320041591262801 0.633583338095505 0.1359916817474397 0.32697231331776283
0 0.47514613964132674 0.2146707884574225 0.049572923526567676 0.1785858370464642
0 0.4371643968100815 0.23654252731213 0.062290318011521136 0.20011916406157518
0 0.5823242401871905 0.5669222559350781 0.13676004864708727 0.3070861298064364
0 0.4919510071586818 0.6616936893933687 0.1597298844311047 0.32605716151541925
0 0.3931771930642262 0.7419570462078613 0.14240788896587767 0.2970302341042409
0 0.6276759061206666 0.4365397350590101 0.11654445085068849 0.4490861456019923
0 0.7240362126119577 0.6762050095480059 0.13912180894197518 0.2590457228941131
0 0.6215735430024554 0.7776623084847613 0.19720329987242924 0.3175844132776816
0 0.9097142331439919 0.8529610647853156 0.18057153371201623 0.2940778704293688