0 0.53203125 0.8916666666666667 0.1671875 0.21666666666666667
0 0.8169270833333333 0.9092592592592592 0.20416666666666666 0.1814814814814815
0 0.7828125 0.5342592592592592 0.11145833333333334 0.36018518518518516
0 0.9106770833333333 0.5638888888888889 0.128125 0.30925925925925923
0 0.4515625 0.2101851851851852 0.03229166666666667 0.17407407407407408
0 0.41328125 0.23796296296296296 0.043229166666666666 0.19444444444444445
0 0.5515625 0.549074074074074 0.1078125 0.2916666666666667
0 0.459375 0.6578703703703703 0.12864583333333332 0.30833333333333335
0 0.359375 0.7527777777777778 0.1140625 0.28055555555555556
0 0.5994791666666667 0.4115740740740741 0.07291666666666667 0.4388888888888889
0 0.6908854166666667 0.6388888888888888 0.11458333333333333 0.24259259259259258
0 0.5864583333333333 0.7555555555555555 0.16770833333333332 0.2935185185185185
0 0.8734375 0.7907407407407407 0.1546875 0.275