0 0.4079629816066692 0.25046574099414765 0.054952065333711296 0.19960198826062375
0 0.9184673019606947 0.5385586909957414 0.1537731707168452 0.29967802191325116
0 0.5947387845092269 0.37459491854329413 0.09996364627651934 0.29078983999609537
0 0.5640799023235145 0.5501680038649446 0.1215360677525093 0.3021218131648446
0 0.47572838992063343 0.6649714275805869 0.1426967832998277 0.31900395500969464
0 0.39157661209137384 0.7682465656975191 0.14953375244707073 0.29593122317391074
0 0.40902698484115757 0.45043611315714743 0.10465114627651934 0.2908383219111866
0 0.44251903088102984 0.22027379980177675 0.04977349201273355 0.17455350634553243
0 0.6214939390122759 0.7558127516016323 0.15641371318506572 0.30155680816237607
0 0.7057027587050565 0.6289318892530436 0.12853011221754637 0.2605359496899967
0 0.793606189377712 0.5178267823616504 0.13182707858055523 0.3753615382637206
0 0.8897446014743186 0.77293615293287 0.15300432256183286 0.313556137043231
0 0.5593477843830541 0.8759840315108572 0.17163196357877458 0.2480319369782855
0 0.8485103178373274 0.8873011633132265 0.227941483603486 0.20509413594325082