0 0.41067708333333336 0.2375 0.0453125 0.19537037037037036
0 0.9067708333333333 0.5671296296296297 0.13958333333333334 0.2851851851851852
0 0.5911458333333334 0.3768518518518518 0.0859375 0.2824074074074074
0 0.5520833333333334 0.549537037037037 0.10729166666666666 0.2916666666666667
0 0.45807291666666666 0.6564814814814814 0.12760416666666666 0.30648148148148147
0 0.3690104166666667 0.7523148148148148 0.13541666666666666 0.2824074074074074
0 0.40208333333333335 0.43703703703703706 0.090625 0.2814814814814815
0 0.4466145833333333 0.2101851851851852 0.04114583333333333 0.17037037037037037
0 0.59921875 0.7592592592592593 0.1421875 0.28703703703703703
0 0.6895833333333333 0.6398148148148148 0.11614583333333334 0.2490740740740741
0 0.7828125 0.5361111111111111 0.1140625 0.3638888888888889
0 0.86640625 0.7986111111111112 0.13802083333333334 0.3
0 0.53125 0.8791666666666667 0.15989583333333332 0.24166666666666667
0 0.81953125 0.9087962962962963 0.21875 0.1824074074074074