0 0.4484375 0.2212962962962963 0.0328125 0.18518518518518517
0 0.4119791666666667 0.23564814814814813 0.041666666666666664 0.19537037037037036
0 0.78125 0.5337962962962963 0.11822916666666666 0.36574074074074076
0 0.8161458333333333 0.9143518518518519 0.2109375 0.1712962962962963
0 0.5333333333333333 0.8921296296296296 0.1453125 0.21574074074074073
0 0.5765625 0.7416666666666667 0.13958333333333334 0.32592592592592595
0 0.5544270833333333 0.5319444444444444 0.10364583333333334 0.262037037037037
0 0.3651041666666667 0.7560185185185185 0.12916666666666668 0.28888888888888886
0 0.46041666666666664 0.6537037037037037 0.1265625 0.30185185185185187
0 0.8572916666666667 0.8069444444444445 0.175 0.2722222222222222
0 0.9067708333333333 0.5592592592592592 0.140625 0.29814814814814816
0 0.68359375 0.6365740740740741 0.12552083333333333 0.2324074074074074
0 0.5942708333333333 0.3768518518518518 0.071875 0.3138888888888889
0 0.40260416666666665 0.4361111111111111 0.09635416666666667 0.2824074074074074