0 0.47369791666666666 0.22488461254834619 0.04895833333333333 0.19318590379930783
0 0.4361979166666667 0.22788760821979834 0.058333333333333334 0.2064397845110744
0 0.7747395833333334 0.6356151935932627 0.14895833333333333 0.3990668042309911
0 0.77578125 0.9519700036034618 0.2234375 0.09605999279307635
0 0.4984375 0.8911951421331029 0.1625 0.2176097157337941
0 0.5544270833333333 0.7773897376074885 0.16666666666666666 0.36628298220095334
0 0.5510416666666667 0.5638587580500501 0.12552083333333333 0.2918580283775003
0 0.34427083333333336 0.7259609239977333 0.153125 0.32604795286008875
0 0.4473958333333333 0.654623982197536 0.1515625 0.3380365036056585
0 0.8255208333333334 0.8830404030739777 0.196875 0.23391919385204468
0 0.8966145833333333 0.699582309512895 0.16510416666666666 0.33845671813170847
0 0.6692708333333334 0.7068794059562589 0.14427083333333332 0.2692917157269596
0 0.60390625 0.4233695812817299 0.0984375 0.3326842659920677
0 0.409375 0.4224256305866473 0.11979166666666667 0.30927283790137955