0 0.9078125 0.5597222222222222 0.13802083333333334 0.2953703703703704
0 0.5752604166666667 0.4097222222222222 0.09895833333333333 0.24537037037037038
0 0.4122395833333333 0.42916666666666664 0.10520833333333333 0.2611111111111111
1 0.46510416666666665 0.350462962962963 0.028645833333333332 0.10648148148148148
0 0.45208333333333334 0.21666666666666667 0.03125 0.19074074074074074
0 0.41484375 0.22777777777777777 0.04479166666666667 0.17314814814814813
0 0.5768229166666666 0.7425925925925926 0.14166666666666666 0.31851851851851853
0 0.6802083333333333 0.6388888888888888 0.13697916666666668 0.24351851851851852
0 0.5567708333333333 0.5472222222222223 0.10052083333333334 0.2657407407407407
0 0.4630208333333333 0.6259259259259259 0.12083333333333333 0.24444444444444444
0 0.3575520833333333 0.7532407407407408 0.10833333333333334 0.2824074074074074
0 0.5325520833333334 0.8916666666666667 0.15104166666666666 0.21666666666666667
0 0.81953125 0.9013888888888889 0.203125 0.19722222222222222
0 0.8557291666666667 0.7893518518518519 0.175 0.22685185185185186
0 0.78671875 0.5333333333333333 0.1125 0.3648148148148148