0 0.9004332503978506 0.6195395013580777 0.15152153646827174 0.31358307144050385
0 0.5759004519679712 0.4254292675184921 0.11001813690854452 0.2585278783339618
0 0.4123648457458196 0.4228118614438254 0.11689199779863534 0.2743386485076121
1 0.46882714375133455 0.3511687287629714 0.033533692897302576 0.11052455859082426
0 0.46189643842828865 0.21636570334893035 0.03981436001484771 0.194843073524084
0 0.4243540153166826 0.2224593295096815 0.05273216579142357 0.1792370047697079
0 0.5622694492759571 0.7572552006149356 0.1558397142478171 0.33677431462428864
0 0.669891592616184 0.6680844265650756 0.1480571515754235 0.26169889831192455
0 0.5510603239576838 0.5599036932858031 0.11275563335454446 0.278925183101605
0 0.4540093886192597 0.6255710938136437 0.1319052577975749 0.2606059791229063
0 0.34310467372163894 0.7387836206608502 0.12120411513366562 0.29660396576547116
0 0.5113725034877152 0.890688415296853 0.1608355671281508 0.21862316940629398
0 0.797140311041291 0.917961061086426 0.21153784890196903 0.16407787782714808
0 0.8380382134919574 0.8415944216470762 0.1849575324633932 0.2500443297161631
0 0.7809112735121081 0.5770968153798187 0.1290351613621804 0.3790867894852429