0 0.56015625 0.5222222222222223 0.09427083333333333 0.22407407407407406
0 0.78515625 0.5347222222222222 0.10833333333333334 0.3638888888888889
0 0.90625 0.5615740740740741 0.14375 0.29814814814814816
0 0.5697916666666667 0.39490740740740743 0.1171875 0.31296296296296294
0 0.46041666666666664 0.6351851851851852 0.12291666666666666 0.25925925925925924
1 0.465625 0.3537037037037037 0.030208333333333334 0.09537037037037037
0 0.4505208333333333 0.20462962962962963 0.033854166666666664 0.17314814814814813
0 0.415625 0.22083333333333333 0.040625 0.16666666666666666
0 0.41328125 0.4287037037037037 0.10520833333333333 0.262037037037037
0 0.35833333333333334 0.7546296296296297 0.10989583333333333 0.2814814814814815
0 0.8565104166666667 0.7925925925925926 0.17552083333333332 0.23148148148148148
0 0.5291666666666667 0.887962962962963 0.15625 0.22407407407407406
0 0.5825520833333333 0.7314814814814815 0.1296875 0.30925925925925923
0 0.8208333333333333 0.9046296296296297 0.20989583333333334 0.19074074074074074
0 0.6854166666666667 0.6375 0.12708333333333333 0.24444444444444444