0 0.5729902750881835 0.4368374724852002 0.10876575006829607 0.25221364811713914
0 0.7980038402245516 0.4399465240663272 0.13226892169736146 0.39716499291281215
0 0.9185795324642372 0.46173224416269226 0.16284093507152567 0.3405736064580752
0 0.5842744928993846 0.30849125741158545 0.13772981210278915 0.34828869858852496
0 0.47171604004517864 0.5545449956254465 0.13999292790111137 0.2961159930976692
1 0.48052376716200473 0.2717727971907698 0.03644979432010895 0.10469260245263759
0 0.46745509684258646 0.12235955198214944 0.04525831665240621 0.18359408590612805
0 0.4323537868067118 0.1402744340921452 0.0513627674381946 0.17907579712815347
0 0.4273588283694315 0.3489476564992246 0.12228459456777803 0.29317707056118997
0 0.36799531665090324 0.6787032317748701 0.12854744168655424 0.3144982688110095
0 0.8661759900721965 0.6959936572395508 0.190997489246633 0.28337714771641576
0 0.5367203790298822 0.7994934686643205 0.17062362572311945 0.2578702473651872
0 0.5925957743294129 0.6460776963097171 0.15018129569805203 0.34851138029183504
0 0.8282065452139682 0.7841309338771766 0.22098462668828087 0.20077339643762107
0 0.6969835982888254 0.5473824231232566 0.14325062999654675 0.28190625056977675