0 0.5740897429455548 0.7740912453142902 0.20132793546259792 0.38245712400302523
1 0.5021252038961087 0.34623504911428915 0.046598435961868745 0.10783835776377447
0 0.4655820979335935 0.20795964714296009 0.08291840131750045 0.2072410314845784
0 0.433911883745681 0.3968940158370814 0.1443659124307667 0.30968005319698033
0 0.6031348336957538 0.42594609927600086 0.17275656829019514 0.34976959886397924
0 0.9102194856373428 0.7558981002539682 0.17956102872531451 0.35555140335662744
0 0.8019226332464103 0.673718709212986 0.17348989192761669 0.39975343822561543
0 0.793663164363556 0.9542092289534975 0.23471495010308702 0.09158154209300501
0 0.8434985144634101 0.8999216661692342 0.21212758323671183 0.2001566676615316
0 0.508517693604305 0.8736985358629111 0.19875589162158877 0.25260292827417785
0 0.6913889421869504 0.726716423038007 0.17475495707707486 0.30259047167739367
0 0.47111384718468746 0.6175445039390903 0.17370264010761277 0.313685422150141
0 0.35644535440831054 0.682530772886057 0.1605010954613049 0.3209527706917291