0 0.5765625 0.7416666666666667 0.14114583333333333 0.32685185185185184
1 0.46380208333333334 0.3527777777777778 0.028125 0.09814814814814815
0 0.41458333333333336 0.23333333333333334 0.046875 0.19166666666666668
0 0.403125 0.4351851851851852 0.09375 0.2740740740740741
0 0.5692708333333333 0.38425925925925924 0.11614583333333334 0.3055555555555556
0 0.9065104166666667 0.562037037037037 0.13958333333333334 0.3
0 0.7861979166666667 0.5351851851851852 0.10625 0.36203703703703705
0 0.8200520833333333 0.9069444444444444 0.21041666666666667 0.18611111111111112
0 0.8565104166666667 0.788425925925926 0.17552083333333332 0.22592592592592592
0 0.5263020833333333 0.8893518518518518 0.16041666666666668 0.2212962962962963
0 0.6848958333333334 0.6398148148148148 0.12916666666666668 0.25
0 0.46145833333333336 0.6351851851851852 0.12552083333333333 0.26296296296296295
0 0.3572916666666667 0.7532407407407408 0.10885416666666667 0.27870370370370373