0 0.9072916666666667 0.562037037037037 0.14114583333333333 0.30185185185185187
0 0.85625 0.7875 0.1796875 0.23148148148148148
0 0.8375 0.9074074074074074 0.17760416666666667 0.18518518518518517
0 0.5361979166666667 0.8870370370370371 0.1515625 0.22592592592592592
0 0.5908854166666667 0.7416666666666667 0.115625 0.34074074074074073
0 0.35625 0.7541666666666667 0.10833333333333334 0.30092592592592593
0 0.68984375 0.6361111111111111 0.11770833333333333 0.24166666666666667
0 0.23463541666666668 0.5935185185185186 0.1515625 0.4925925925925926
0 0.4635416666666667 0.637962962962963 0.121875 0.27037037037037037
0 0.5598958333333334 0.5333333333333333 0.09739583333333333 0.2518518518518518
0 0.7872395833333333 0.5319444444444444 0.1078125 0.3592592592592593
0 0.3966145833333333 0.4324074074074074 0.09947916666666666 0.28055555555555556
0 0.5122395833333333 0.37592592592592594 0.06979166666666667 0.3787037037037037
0 0.5955729166666667 0.3611111111111111 0.0640625 0.25833333333333336
0 0.44921875 0.3055555555555556 0.049479166666666664 0.31851851851851853
0 0.41119791666666666 0.30972222222222223 0.049479166666666664 0.3287037037037037