0 0.9128100127142855 0.43981401219319244 0.14410955789927016 0.3208658815491434
0 0.8639820482924213 0.6721528973345118 0.1819602949125283 0.2556875340481442
0 0.846409356057111 0.794586153705397 0.17942240259668932 0.20911058786701706
0 0.5449072667714752 0.8148047729286915 0.1537807478346276 0.2463432050473717
0 0.5981674515664075 0.6620673430815107 0.11897055411124172 0.3563168093488541
0 0.36365476582501727 0.7061755363605876 0.11128796671962012 0.31551971993713124
0 0.6960893904196278 0.5431809179964887 0.12008113122201299 0.25752338515961093
0 0.24046286282238932 0.5619103252394415 0.15639900757386027 0.5130098717140383
0 0.4698054894455948 0.5755183635880939 0.12452962445783318 0.2867883886329764
0 0.5651323528117985 0.4579086767850366 0.09986863419816411 0.2649722339676951
0 0.7924624660423234 0.4258938692139788 0.11133987770424388 0.3737828907992569
0 0.40086016422993626 0.37897868558273023 0.10223379410065098 0.29395658755622955
0 0.5159306022712793 0.3069211354931354 0.073509959143563 0.388105474845538
0 0.5991184767302109 0.2808803252850857 0.06659893912238152 0.26696331729188266
0 0.45221883928453743 0.24504042413889884 0.05260653246630558 0.3251839532832518
0 0.41423891625962955 0.25432895120372895 0.052706535442456945 0.33536913846843686