0 0.37109375 0.5287037037037037 0.103125 0.4537037037037037
0 0.88828125 0.5023148148148148 0.09166666666666666 0.47129629629629627
0 0.7315104166666667 0.5532407407407407 0.08229166666666667 0.5453703703703704
0 0.6848958333333334 0.6523148148148148 0.1375 0.2740740740740741
0 0.68828125 0.4310185185185185 0.05520833333333333 0.33611111111111114
0 0.5880208333333333 0.40046296296296297 0.084375 0.33240740740740743
0 0.5809895833333333 0.7416666666666667 0.13229166666666667 0.3333333333333333
0 0.45286458333333335 0.37453703703703706 0.06510416666666667 0.3287037037037037
0 0.4635416666666667 0.649537037037037 0.1203125 0.2824074074074074
0 0.5432291666666667 0.8851851851851852 0.14166666666666666 0.22962962962962963
0 0.8309895833333333 0.9041666666666667 0.1828125 0.19166666666666668
0 0.86484375 0.8050925925925926 0.16822916666666668 0.25925925925925924
1 0.5067708333333333 0.3226851851851852 0.0671875 0.375
0 0.11796875 0.9083333333333333 0.1453125 0.18333333333333332
0 0.7934895833333333 0.5226851851851851 0.084375 0.4981481481481482