0 0.36417489114311447 0.6227181315466929 0.15103343556679694 0.4988860337768994
0 0.8758457042690184 0.5318745533997501 0.14141042074511792 0.5112357702519061
0 0.7237392156734912 0.6024852205967602 0.1401885345374995 0.5812011005133604
0 0.6843261781973121 0.7073412951874051 0.16597059219283541 0.334128721946721
0 0.6724908773481163 0.4853856020676795 0.09067462945802353 0.36026451372932755
0 0.5707134304333921 0.4672337189942367 0.1194114022952417 0.3693495845570367
0 0.587233742082361 0.8072111815691898 0.16708005414022936 0.3855776368616205
0 0.4347999043899584 0.45816816635673374 0.09995868995413891 0.35709302849179664
0 0.464160829831309 0.7320737183238393 0.14987932256183284 0.3343952510492175
0 0.5592600203053294 0.9061929149723175 0.1650975729555417 0.18761417005536515
0 0.8466492444728864 0.9029176504910961 0.20210649963456387 0.19416469901780778
0 0.8734895303459577 0.8359526601326186 0.19500994355406315 0.3280946797347627
1 0.4847982559621772 0.39953871268976515 0.10711808499298646 0.4043614210494921
0 0.1399420577532358 0.9556531426816733 0.1618783145180211 0.08869371463665335
0 0.7832696425635042 0.5639134378621921 0.13721399406609555 0.535506698055857