0 0.39505208333333336 0.43657407407407406 0.1 0.2861111111111111
0 0.5760416666666667 0.4013888888888889 0.1109375 0.3101851851851852
0 0.11223958333333334 0.9351851851851852 0.14427083333333332 0.12962962962962962
0 0.5309895833333333 0.8953703703703704 0.16875 0.20925925925925926
0 0.8143229166666667 0.9097222222222222 0.2140625 0.18055555555555555
0 0.4596354166666667 0.6472222222222223 0.1234375 0.287962962962963
0 0.5744791666666667 0.7407407407407407 0.1453125 0.31666666666666665
0 0.4552083333333333 0.3625 0.06875 0.3398148148148148
1 0.50859375 0.32037037037037036 0.05520833333333333 0.3685185185185185
1 0.9575520833333333 0.3125 0.034375 0.27037037037037037
0 0.91796875 0.44722222222222224 0.06875 0.38981481481481484
0 0.78125 0.5199074074074074 0.103125 0.37962962962962965
0 0.6986979166666667 0.44027777777777777 0.0875 0.3212962962962963
0 0.42552083333333335 0.19490740740740742 0.050520833333333334 0.18518518518518517
0 0.6765625 0.6416666666666667 0.13020833333333334 0.25555555555555554
0 0.8682291666666667 0.7861111111111111 0.1703125 0.25555555555555554
0 0.8895833333333333 0.6291666666666667 0.12708333333333333 0.3212962962962963