0 0.39623440111752567 0.4761584286720646 0.1316847893461554 0.33528875244882167
0 0.5776566763000851 0.5295193362052526 0.1451451090435081 0.364437496223087
0 0.07039174947238479 0.8217931199986761 0.14078349894476958 0.19914179555290773
0 0.4771863487073427 0.9198646686351479 0.190231854183016 0.16027066272970408
0 0.75415680461043 0.997141652619774 0.23063109932252365 0.005716694760451867
0 0.4354826717255696 0.7110529868308438 0.1547378483326901 0.34766461556560285
0 0.5372975728209262 0.8317879916835091 0.17979289368324392 0.33642401663298177
0 0.46352720119666796 0.43370591080970655 0.10686107231436992 0.37337943687348385
1 0.5207072114896054 0.41872035959142917 0.09683842790509978 0.3956159974096273
1 0.9615391484783394 0.6274161783474902 0.06494792262672723 0.28750943037185034
0 0.9072252871913566 0.7385530431897585 0.11236692623357811 0.4242063179655527
0 0.765073670054048 0.7431924887035298 0.1451794262335781 0.42999448561003467
0 0.6933410740523984 0.6260713515944513 0.12333072785233838 0.36428242149713613
0 0.4536234458961264 0.2569179196887043 0.07095143960575119 0.21009198614469804
0 0.6487978006954335 0.8104339019478431 0.15789873119538148 0.31867811567424903
0 0.8201144252226857 0.9363902133774934 0.1969213405470351 0.12721957324501326
0 0.858856327967395 0.854871093821969 0.16259023898103658 0.29025781235606185