0 0.10401332271390536 0.9697460813774649 0.1543680585611419 0.060507837245070195
0 0.548550591988488 0.43154821448077024 0.15859799902626506 0.36778010017194834
0 0.3704684440462505 0.4991369197765704 0.13643684772243792 0.3177879746045821
0 0.40427196698074097 0.21625867497356635 0.04356725959790116 0.07410685093036497
1 0.3807016617811886 0.3177767525989849 0.10557098001901201 0.31214717925486035
1 0.4453506306784109 0.4075154811780233 0.13452893546987615 0.3738327245920381
0 0.9349690243950929 0.33546624687612075 0.10042096292824046 0.3549863376715616
0 0.44028726240933713 0.6805141149451795 0.15771310194799354 0.28658977301981725
0 0.8706737317779326 0.5787618228684317 0.16191848865867253 0.34043905388819573
0 0.8331749126606489 0.7613023562286857 0.23806451093324058 0.31803975677076374
0 0.8107082500309886 0.8703338762401526 0.24419103147987614 0.2593322475196948
0 0.5430263598644454 0.8884547156463755 0.24906079952888854 0.22309056870724908
0 0.6617029326261427 0.6467282513330288 0.16314927034259222 0.2917046598650304
0 0.5581229710332416 0.7580000489112045 0.1859483598179627 0.3546597483953595
0 0.6734660687556795 0.4608597688297095 0.13398213132283915 0.362721613480927
0 0.7583915325633801 0.5213269048663308 0.1677579131953081 0.40642242323672845