0 0.109375 0.924074074074074 0.13958333333333334 0.15185185185185185
0 0.5770833333333333 0.3990740740740741 0.11354166666666667 0.32685185185185184
0 0.39791666666666664 0.43333333333333335 0.09739583333333333 0.2833333333333333
0 0.44244791666666666 0.1574074074074074 0.035416666666666666 0.06111111111111111
1 0.41510416666666666 0.25416666666666665 0.06614583333333333 0.28888888888888886
1 0.47578125 0.3560185185185185 0.0875 0.3425925925925926
0 0.9638020833333333 0.37453703703703706 0.05416666666666667 0.33611111111111114
0 0.45989583333333334 0.6268518518518519 0.12447916666666667 0.24166666666666667
0 0.890625 0.6050925925925926 0.12135416666666667 0.2962962962962963
0 0.8463541666666666 0.7805555555555556 0.2046875 0.24351851851851852
0 0.8192708333333333 0.8972222222222223 0.215625 0.20555555555555555
0 0.5518229166666667 0.8912037037037037 0.21927083333333333 0.2175925925925926
0 0.6807291666666667 0.6342592592592593 0.1296875 0.24444444444444444
0 0.5736979166666667 0.725925925925926 0.14427083333333332 0.30277777777777776
0 0.6997395833333333 0.4513888888888889 0.08854166666666667 0.3314814814814815
0 0.7815104166666667 0.5273148148148148 0.11770833333333333 0.3638888888888889