0 0.7026041666666667 0.4305555555555556 0.0890625 0.30648148148148147
1 0.4401041666666667 0.28935185185185186 0.0609375 0.3194444444444444
0 0.40546875 0.44305555555555554 0.08697916666666666 0.2722222222222222
0 0.10885416666666667 0.9277777777777778 0.14635416666666667 0.14444444444444443
0 0.53125 0.9041666666666667 0.18697916666666667 0.19166666666666668
0 0.8182291666666667 0.9004629629629629 0.21666666666666667 0.19907407407407407
0 0.58671875 0.3907407407407407 0.10104166666666667 0.30092592592592593
0 0.86484375 0.7560185185185185 0.171875 0.2814814814814815
0 0.8684895833333334 0.6421296296296296 0.1609375 0.3574074074074074
0 0.4609375 0.6453703703703704 0.125 0.2814814814814815
0 0.57421875 0.7231481481481481 0.14322916666666666 0.29814814814814816
0 0.7838541666666666 0.524537037037037 0.11770833333333333 0.3611111111111111
0 0.6817708333333333 0.6370370370370371 0.13385416666666666 0.24074074074074073