0 0.6873453747850534 0.2870645364188884 0.10501459106113771 0.32974904705403063
1 0.4263364448936199 0.21159977322465628 0.07777444544115847 0.33570226513821505
0 0.3897145660297177 0.37350607529277985 0.10128802616718484 0.2950031941129859
0 0.08647322418575093 0.9156032843196508 0.15305357010856654 0.1528331585981328
0 0.5095767952183209 0.7992751078703934 0.19717737884037306 0.2356186575067014
0 0.7969325820500238 0.7262566990613611 0.22725923497428463 0.25320286251609375
0 0.5720008528378917 0.2764078665872946 0.11684208229168482 0.32735774836061454
0 0.8455058609186319 0.5708597029851418 0.18663888580887733 0.3247550370280835
0 0.8508147441907897 0.4562158949242186 0.17975136296124153 0.39892922569958134
0 0.4425826898201805 0.5610228504591807 0.13967288054720559 0.3132185729781659
0 0.5551058056475484 0.6103974024257718 0.15899924720446065 0.33431464007961426
0 0.7675061230782209 0.36043108685881864 0.13655253138179854 0.3917776965078672
0 0.6638836485802221 0.4975861433897233 0.14670180512990924 0.27496085794506475