0 0.6654788562045375 0.4271040732623642 0.17445130644061682 0.31683786979297596
0 0.6699307294688583 0.23183546153125592 0.1472503959159873 0.3719884104259966
1 0.3845135904491053 0.21479788082511664 0.09062311058765407 0.3113004909480413
0 0.8849118890352474 0.29669773775713626 0.16954872060966011 0.3534648428211946
0 0.4463616051520223 0.56157430697774 0.1729471226831786 0.3596370091158629
0 0.8605997624093372 0.46058309228562666 0.22091573097725264 0.39110839242477724
0 0.8194482629904792 0.5998246020515343 0.25153463977395013 0.3320476013577585
0 0.566150320687655 0.5851602891092663 0.19269959695274655 0.3837070439209103
0 0.10973859354336514 0.8356809672089913 0.19811026688672811 0.3050013205826931
0 0.5399469268766985 0.7507942221244613 0.2064436002200613 0.30664561588699385
0 0.3760121553563277 0.3980284457019312 0.13383268105577126 0.32991268956776826
0 0.5540127311967905 0.250123197705319 0.1497374577444442 0.3596420582021465
0 0.7584108925853863 0.2680176483071323 0.17197014687422793 0.4236296762785273