0 0.6815104166666667 0.6337962962962963 0.13541666666666666 0.24074074074074073
0 0.6994791666666667 0.4398148148148148 0.09479166666666666 0.31851851851851853
1 0.42526041666666664 0.26064814814814813 0.04375 0.2861111111111111
0 0.90234375 0.6273148148148148 0.12291666666666666 0.28425925925925927
0 0.4609375 0.6449074074074074 0.12552083333333333 0.28888888888888886
0 0.8674479166666667 0.7787037037037037 0.17291666666666666 0.2935185185185185
0 0.81796875 0.8953703703703704 0.21770833333333334 0.20925925925925926
0 0.5747395833333333 0.736574074074074 0.14322916666666666 0.30277777777777776
0 0.10807291666666667 0.8078703703703703 0.14322916666666666 0.38425925925925924
0 0.5377604166666666 0.8921296296296296 0.171875 0.21574074074074073
0 0.4044270833333333 0.44027777777777777 0.08802083333333334 0.2796296296296296
0 0.5861979166666667 0.3925925925925926 0.1 0.30277777777777776
0 0.7822916666666667 0.5268518518518519 0.11302083333333333 0.3592592592592593