0 0.58515625 0.737037037037037 0.16666666666666666 0.2657407407407407
0 0.7002604166666667 0.43703703703703706 0.09322916666666667 0.3074074074074074
0 0.8177083333333334 0.9041666666666667 0.21041666666666667 0.19166666666666668
0 0.7861979166666667 0.5273148148148148 0.11197916666666667 0.3611111111111111
0 0.69375 0.6393518518518518 0.10052083333333334 0.24814814814814815
0 0.54296875 0.9069444444444444 0.1640625 0.18611111111111112
0 0.46041666666666664 0.6458333333333334 0.1234375 0.2796296296296296
0 0.8942708333333333 0.6092592592592593 0.103125 0.30925925925925923
0 0.8541666666666666 0.7824074074074074 0.203125 0.2861111111111111
0 0.44895833333333335 0.2064814814814815 0.0359375 0.1648148148148148
0 0.40182291666666664 0.4398148148148148 0.09375 0.27870370370370373
0 0.5864583333333333 0.39444444444444443 0.10052083333333334 0.3101851851851852
0 0.40963541666666664 0.23287037037037037 0.03958333333333333 0.17037037037037037
0 0.109375 0.9078703703703703 0.1171875 0.18425925925925926