0 0.5457539107458442 0.7597222222222222 0.19625167712927644 0.31296296296296294
0 0.6935639502471126 0.5 0.12838626847814869 0.3314814814814815
0 0.7550768141656671 0.9347222222222222 0.228606160676217 0.13055555555555556
0 0.7670808066003821 0.6152777777777778 0.1529696062270967 0.38981481481481484
0 0.6633878440482885 0.6972222222222222 0.12883930653075476 0.275
0 0.4847014862463566 0.8981481481481481 0.18368883817092949 0.2037037037037037
0 0.4344708516701188 0.6314814814814815 0.15512403169672004 0.3138888888888889
0 0.863281194804817 0.7291666666666666 0.13837304131536687 0.33611111111111114
0 0.8039913372138758 0.8574074074074074 0.23372687343930115 0.2851851851851852
0 0.4745477696027299 0.19537037037037036 0.05496363744528997 0.17314814814814813
0 0.40104824933875516 0.41064814814814815 0.12575729812150685 0.3037037037037037
0 0.5872701399619882 0.42268518518518516 0.13576887464870022 0.33611111111111114
0 0.43286870109107556 0.20925925925925926 0.05925761941739533 0.17962962962962964
0 0.06449154201796645 0.7810185185185186 0.1289830840359329 0.2175925925925926