0 0.1602686346652963 0.9571066667907536 0.1559608399238878 0.06836388640618654
0 0.8861616985936749 0.3591355783551836 0.14765931688173453 0.341230441073467
0 0.8606585660083403 0.5419222502907927 0.2509098784786318 0.4006090028469474
0 0.8437849932075007 0.6884138886817569 0.24167725462578177 0.29264096142924306
0 0.37770280366344444 0.45206592936028295 0.1510929268944198 0.33227306166590626
0 0.6026586098107405 0.6621710396768524 0.2141119878322615 0.38277538951514883
0 0.46666053290319776 0.6193679931419744 0.17005515021506787 0.3430848458767571
0 0.6905613794176401 0.48992846246346217 0.14019964395404116 0.287935154978492
0 0.7710508970473734 0.33493474877358553 0.1698181597713718 0.4234678986599135
0 0.6596226248166456 0.29749063922387603 0.14747804086143787 0.3560021301951822
0 0.5592879299877521 0.309033075886322 0.14741437386524345 0.3532243524174043
0 0.40451597215490726 0.20078230175270534 0.059676520430718936 0.17683667138389728
0 0.37095582804849603 0.24745913905292227 0.06451257675517255 0.1837062841032767
1 0.4356169843350394 0.32943905033615206 0.04394718116588656 0.1256291519771038