0 0.115625 0.9087962962962963 0.13385416666666666 0.1824074074074074
0 0.8934895833333333 0.6055555555555555 0.103125 0.29444444444444445
0 0.8479166666666667 0.7722222222222223 0.20729166666666668 0.3
0 0.8151041666666666 0.9074074074074074 0.21666666666666667 0.18518518518518517
0 0.39427083333333335 0.43703703703703706 0.10833333333333334 0.2824074074074074
0 0.5864583333333333 0.7583333333333333 0.16979166666666667 0.30185185185185187
0 0.46067708333333335 0.6467592592592593 0.12760416666666666 0.2833333333333333
0 0.690625 0.6342592592592593 0.1046875 0.2388888888888889
0 0.7854166666666667 0.5231481481481481 0.11302083333333333 0.37222222222222223
0 0.6828125 0.42916666666666664 0.1 0.3111111111111111
0 0.58515625 0.38935185185185184 0.10052083333333334 0.3074074074074074
0 0.44869791666666664 0.2037037037037037 0.034895833333333334 0.16203703703703703
0 0.41119791666666666 0.2324074074074074 0.0390625 0.16666666666666666
1 0.46380208333333334 0.3458333333333333 0.0265625 0.11388888888888889