0 0.5296875 0.9101851851851852 0.228125 0.17962962962962964
0 0.11354166666666667 0.950462962962963 0.1390625 0.09907407407407408
0 0.45 0.21064814814814814 0.033854166666666664 0.16944444444444445
0 0.4122395833333333 0.23981481481481481 0.0421875 0.16203703703703703
1 0.4630208333333333 0.35555555555555557 0.027604166666666666 0.1037037037037037
1 0.9442708333333333 0.2490740740740741 0.0359375 0.2
0 0.6674479166666667 0.6347222222222222 0.14270833333333333 0.2462962962962963
0 0.3625 0.7583333333333333 0.14270833333333333 0.2824074074074074
0 0.8203125 0.9101851851851852 0.20625 0.17962962962962964
0 0.46119791666666665 0.6361111111111111 0.125 0.26481481481481484
0 0.5583333333333333 0.5435185185185185 0.09583333333333334 0.2722222222222222
0 0.5966145833333333 0.3592592592592593 0.0765625 0.2537037037037037
0 0.8841145833333334 0.6273148148148148 0.15208333333333332 0.31851851851851853
0 0.6755208333333333 0.44212962962962965 0.1359375 0.34074074074074073
0 0.88515625 0.46435185185185185 0.08489583333333334 0.4398148148148148
0 0.93125 0.525 0.0875 0.21203703703703702
0 0.7828125 0.5550925925925926 0.1109375 0.4111111111111111