0 0.4690226956954022 0.8993181664874055 0.24376180452413554 0.19316483649530547
0 0.06335880925205292 0.9003869293103355 0.12671761850410584 0.11721674571129799
0 0.4513652401192749 0.20031981739582738 0.049146031291326865 0.17356832474560605
0 0.4113556309612348 0.22525817695223124 0.05663956220555543 0.16716764645594337
1 0.4514573188499541 0.34654069737975945 0.03701103974243812 0.10681008112821128
1 0.9381334529687348 0.29477164022773306 0.05377474269567888 0.2041562015778891
0 0.629480088830942 0.6482485622455382 0.16502436481320945 0.2645359317637026
0 0.31615055686419835 0.7370938233499845 0.16836397829107988 0.30066320351317777
0 0.7579551054503405 0.9148388865894457 0.22058495736734565 0.1559069374006303
0 0.42493566448285564 0.6263023055560265 0.1486570710337651 0.28102483140836804
0 0.5294208278822075 0.5447070822657354 0.12019350574944418 0.28443225674206934
0 0.583527761247053 0.3655347200494825 0.09939936481320946 0.2638571849524246
0 0.8449294315736272 0.6654547582766012 0.18064889246012303 0.3387339040652324
0 0.6545146768612042 0.4568832521581968 0.16650163305077115 0.35802212900549374
0 0.8604785255573771 0.5028766485245096 0.12418333427607967 0.45012990244717344
0 0.9007100675146148 0.5686305477937552 0.10676941627407383 0.22321340804186657
0 0.7509217298614513 0.5817479628315688 0.1474321916119133 0.42538308578153916