0 0.9114649217991337 0.5394940969106443 0.13294864955601232 0.3279691394886116
0 0.8809981831492498 0.7046391832506459 0.23800363370150043 0.33864129052148184
0 0.7982654710387412 0.4827785052814158 0.15644627176122347 0.4221503039905161
0 0.6240515603159673 0.7614295168276274 0.1964054268944198 0.32623721163791003
0 0.685911823472289 0.4061959114876693 0.12812231819984538 0.3444741851837206
0 0.6925203760195674 0.6150487751240107 0.17042919961943923 0.28286883838184124
0 0.4860033244732659 0.6424125567523158 0.14812975297814315 0.2636715117827809
0 0.5847322116472011 0.39704194612093396 0.13350043018969704 0.3520432135626856
0 0.4056526381996995 0.47475895069264173 0.12729464724931827 0.3083630740726095
0 0.4301358043596809 0.2372623453531718 0.05251218775644103 0.17928085281326314
0 0.39653541948004606 0.2699919432371881 0.05317185244594143 0.16264651034090805
1 0.4603388205065394 0.3742138855163823 0.03737884618491461 0.10941619384276906
0 0.17216761203942646 0.9456323585853925 0.15046334651444232 0.10873528282921488
0 0.7409936625971448 0.9246669951812267 0.16343023781986782 0.13645940740545454
0 0.8675327363741742 0.8480953965745652 0.23260113967018062 0.2477874151006507