0 0.8950520833333333 0.6101851851851852 0.103125 0.30185185185185187
0 0.8481770833333333 0.7666666666666667 0.21041666666666667 0.2824074074074074
0 0.78828125 0.5300925925925926 0.1171875 0.3925925925925926
0 0.5869791666666667 0.7666666666666667 0.16875 0.2814814814814815
0 0.684375 0.4300925925925926 0.09635416666666667 0.32037037037037036
0 0.6697916666666667 0.6375 0.14635416666666667 0.24351851851851852
0 0.46197916666666666 0.6194444444444445 0.12552083333333333 0.23055555555555557
0 0.5848958333333333 0.3990740740740741 0.10104166666666667 0.32592592592592595
0 0.39895833333333336 0.43703703703703706 0.09895833333333333 0.2833333333333333
0 0.4473958333333333 0.20833333333333334 0.035416666666666666 0.17037037037037037
0 0.41067708333333336 0.23333333333333334 0.03802083333333333 0.1527777777777778
1 0.4635416666666667 0.34953703703703703 0.027083333333333334 0.10277777777777777
0 0.11484375 0.9069444444444444 0.13489583333333333 0.18611111111111112
0 0.68671875 0.9527777777777777 0.1546875 0.09444444444444444
0 0.8200520833333333 0.9050925925925926 0.2140625 0.18981481481481483