0 0.4454714372040995 0.2824739318469944 0.060290259731151964 0.16433925959445794
0 0.48285667472382615 0.2740761695962124 0.055775045457113495 0.18289261579928656
0 0.6327288477327941 0.47297962221626677 0.10542195367208672 0.27588940876197504
1 0.49552015610558087 0.42321383284891473 0.04148586060760143 0.1109830930150342
0 0.5550602760498003 0.9280980310402188 0.2522431225707431 0.1438039379195623
0 0.8481426524856597 0.9824873638432088 0.22962003636569078 0.03502527231358238
0 0.7032818836222193 0.7727875950721513 0.1876546770375479 0.3042674009009046
0 0.9091831175079003 0.8290950999692441 0.18163376498419956 0.3418098000615116
0 0.9497658981097202 0.7448540954670476 0.10046820378055964 0.21684966853091867
0 0.8194611647616038 0.7252967444003814 0.1592315523982781 0.4273005430797801
0 0.7140587423514991 0.5860336662419455 0.17098233014881192 0.3841983973193412
0 0.1388300039201068 0.8770931964395607 0.15433156810393864 0.15054103189887466
0 0.3908359987346663 0.7787488224531949 0.17521078022771885 0.3280061102386825
0 0.4916223609345284 0.7201529468643058 0.16664394577839067 0.356015579432647
0 0.5845984952232182 0.6273326497024673 0.1358615160325873 0.2842915777291079