0 0.41302083333333334 0.23194444444444445 0.040625 0.14907407407407408
0 0.45 0.20972222222222223 0.03333333333333333 0.17037037037037037
0 0.6 0.35555555555555557 0.07239583333333334 0.24814814814814815
1 0.4635416666666667 0.35648148148148145 0.028125 0.1
0 0.52734375 0.9092592592592592 0.22864583333333333 0.1814814814814815
0 0.8205729166666667 0.9078703703703703 0.20989583333333334 0.18425925925925926
0 0.671875 0.6337962962962963 0.1546875 0.2462962962962963
0 0.8807291666666667 0.6268518518518519 0.1484375 0.3148148148148148
0 0.9263020833333333 0.5092592592592593 0.096875 0.18055555555555555
0 0.78671875 0.5421296296296296 0.10833333333333334 0.3861111111111111
0 0.68125 0.4398148148148148 0.1265625 0.33611111111111114
0 0.11302083333333333 0.950925925925926 0.140625 0.09814814814814815
0 0.36223958333333334 0.7569444444444444 0.13854166666666667 0.2759259259259259
0 0.46171875 0.6592592592592592 0.12552083333333333 0.30833333333333335
0 0.5533854166666666 0.5305555555555556 0.103125 0.24537037037037038