0 0.5782561517363137 0.8657503172869212 0.24052897535757153 0.20752996344089153
0 0.16959321774746292 0.9450552121001804 0.142229843335273 0.10166474310608212
0 0.4537464094994362 0.1798734137743889 0.04428113980158486 0.17301137169398959
0 0.41737306369187455 0.20712690931571998 0.05102010818516855 0.1615025349216764
0 0.6146570688458584 0.3098905904430484 0.08977417919728765 0.25936299225431625
0 0.6998716376353241 0.3789672017600739 0.14576891576474652 0.3483210364732432
0 0.5755411024352927 0.4822676450548975 0.1266364504091148 0.24819056186972155
0 0.49348301178171483 0.629885209115962 0.14328173051155535 0.3167640978110868
0 0.40268777885426366 0.723788849594409 0.15071167919728753 0.26377723732379416
0 0.6999881892556199 0.5749789581661804 0.1638175430357106 0.2665723039340814
0 0.9463883503575714 0.4245097758660641 0.10722329928485716 0.2278783598475164
0 0.9112924370329665 0.5392341872333125 0.17013118697657414 0.3362431199205503
0 0.8123023676878376 0.4660459266724672 0.13417230041234754 0.40100606823783663
0 0.868700483402657 0.8293822575105273 0.22194903636775082 0.20987543789244809