0 0.52890625 0.9092592592592592 0.228125 0.1814814814814815
0 0.1171875 0.9444444444444444 0.1359375 0.1111111111111111
0 0.44973958333333336 0.20879629629629629 0.03333333333333333 0.1685185185185185
0 0.41171875 0.2310185185185185 0.040625 0.15555555555555556
0 0.6013020833333333 0.3592592592592593 0.0734375 0.2490740740740741
0 0.6815104166666667 0.4393518518518518 0.12395833333333334 0.3314814814814815
0 0.5510416666666667 0.5254629629629629 0.1109375 0.23333333333333334
0 0.45989583333333334 0.6611111111111111 0.1234375 0.3
0 0.36328125 0.7421296296296296 0.134375 0.24537037037037038
0 0.66875 0.6342592592592593 0.14739583333333334 0.2462962962962963
0 0.9270833333333334 0.5180555555555556 0.09947916666666666 0.21388888888888888
0 0.88125 0.6268518518518519 0.14895833333333333 0.31574074074074077
0 0.7877604166666666 0.5412037037037037 0.10885416666666667 0.3861111111111111
0 0.8200520833333333 0.9092592592592592 0.209375 0.1814814814814815