0 0.11953125 0.9342592592592592 0.125 0.13148148148148148
1 0.46588541666666666 0.35833333333333334 0.0265625 0.09907407407407408
0 0.45234375 0.20277777777777778 0.0328125 0.16203703703703703
0 0.41302083333333334 0.23842592592592593 0.04479166666666667 0.1648148148148148
0 0.59765625 0.3574074074074074 0.0796875 0.2490740740740741
0 0.36171875 0.7643518518518518 0.13697916666666668 0.287962962962963
0 0.55625 0.5231481481481481 0.09947916666666666 0.23425925925925925
0 0.68125 0.4393518518518518 0.125 0.3333333333333333
0 0.7859375 0.5356481481481481 0.10052083333333334 0.4
0 0.92734375 0.5120370370370371 0.10052083333333334 0.18518518518518517
0 0.8872395833333333 0.6319444444444444 0.134375 0.32222222222222224
0 0.6731770833333334 0.638425925925926 0.1546875 0.23796296296296296
0 0.81953125 0.9120370370370371 0.20989583333333334 0.17592592592592593
0 0.5278645833333333 0.9097222222222222 0.22916666666666666 0.18055555555555555
0 0.46015625 0.6555555555555556 0.12864583333333332 0.29907407407407405
0 0.390625 0.48009259259259257 0.1140625 0.4101851851851852