0 0.06620577509240147 0.7556480820114538 0.13241155018480294 0.18579676142206877
1 0.4816459065039003 0.332597867490286 0.04046871352564819 0.10861956469408916
0 0.49176753080707164 0.17586587350289026 0.055888501456134304 0.17296099230333925
0 0.44856845272959484 0.19479183911083284 0.06849760422967606 0.18168221596841078
0 0.6087770767484257 0.3846485911570662 0.11507084739060194 0.2793846147172579
0 0.3208196512803469 0.6869835336740502 0.1762997235936344 0.34329645502436285
0 0.5441437291359604 0.5296516794198904 0.13218561220824085 0.27436240836784226
0 0.677319905047766 0.49775256686739466 0.17160053653682894 0.38202372294169407
0 0.7640492534206016 0.6334309362768419 0.1577324324967132 0.4362008138509625
0 0.9039168130078006 0.6670382140563282 0.1258381964915048 0.22696240307690674
0 0.8474113689223607 0.7678254704289126 0.17932817882407429 0.3757846729175488
0 0.6399389529837614 0.6886502421916452 0.1861829989229861 0.3028789562267371
0 0.7414261049598723 0.9298461051077824 0.22882854223641214 0.1005813549755843
0 0.459752905080069 0.871484413185151 0.24985714247680565 0.23543861182960663
0 0.43180629461230297 0.6201393241996815 0.1701467038367826 0.35050991726590114
0 0.3909351778439697 0.4214888593121874 0.17252184884673635 0.4523940933120644