0 0.4175721821699731 0.27052669068044455 0.05104499324036086 0.17588790613570243
0 0.38115395960307386 0.29305710651262334 0.06765333903331647 0.20218167692869554
0 0.11262190953810805 0.9406380324108675 0.12995314917933198 0.11872393517826493
0 0.8976826904934712 0.5917497748290806 0.16547145273377595 0.32656784266022043
0 0.8684580669312794 0.7635064811369018 0.1690553959675801 0.3120980333902038
0 0.5787254835139123 0.783176491371249 0.19991929316288407 0.331265990256657
0 0.355759783016266 0.8307294377341794 0.1650379793849473 0.3385411245316412
0 0.44328679486202643 0.6795323016839815 0.14189922220513887 0.3080036454971641
0 0.6628175595577785 0.43203245264872325 0.1474753269098296 0.35737959942293646
0 0.5306281364091991 0.5646084647810353 0.10860230908635961 0.3061695270647049
0 0.3846544760563775 0.496320686575633 0.1164621796304921 0.29482250111726416
0 0.32696230835567974 0.5681813776890464 0.170271782603256 0.36941918941141166
0 0.14953346828833222 0.8174695978918887 0.16002626667978034 0.3650608042162227
0 0.8281246712998347 0.8774387565448956 0.21430243664223264 0.24512248691020877
0 0.8925780213129483 0.5156183636230713 0.1632533888718058 0.3097717989142544