0 0.44817708333333334 0.21944444444444444 0.03177083333333333 0.16574074074074074
0 0.41119791666666666 0.2361111111111111 0.04583333333333333 0.18796296296296297
0 0.11458333333333333 0.8976851851851851 0.10989583333333333 0.20462962962962963
0 0.9127604166666666 0.6189814814814815 0.13229166666666667 0.28425925925925927
0 0.8768229166666667 0.7851851851851852 0.1375 0.2675925925925926
0 0.58828125 0.7574074074074074 0.16770833333333332 0.27685185185185185
0 0.3645833333333333 0.7759259259259259 0.128125 0.3138888888888889
0 0.4578125 0.6314814814814815 0.10989583333333333 0.2722222222222222
0 0.6856770833333333 0.4212962962962963 0.10989583333333333 0.32222222222222224
0 0.5489583333333333 0.5314814814814814 0.07552083333333333 0.2824074074074074
0 0.40677083333333336 0.4393518518518518 0.08489583333333334 0.2675925925925926
0 0.34661458333333334 0.5013888888888889 0.13177083333333334 0.32685185185185184
0 0.15677083333333333 0.774537037037037 0.11197916666666667 0.4388888888888889
0 0.83203125 0.9004629629629629 0.19114583333333332 0.19907407407407407
0 0.9106770833333333 0.5421296296296296 0.13177083333333334 0.2675925925925926