0 0.42174496642429643 0.2598725310381214 0.0702988674670344 0.20598612387885934
0 0.4623977340082785 0.24684150874897212 0.052709556780526155 0.15632796250000797
0 0.3885408801375123 0.45586351742812203 0.12822073373634216 0.3048975467927467
0 0.3198804311337346 0.4892923066237814 0.17798496053151958 0.37260626562363425
0 0.04995046181728626 0.793243011166905 0.09990092363457252 0.24377730350292234
0 0.34719023080963257 0.8240895303394422 0.19175672018093975 0.35182093932111563
0 0.27099694572340016 0.7349149218848195 0.1393905988079233 0.29317495184071857
0 0.7242543168920874 0.9814580329541013 0.21503897512118517 0.03708393409179751
0 0.7861988997082892 0.9032525248857247 0.15871980742025518 0.19349495022855048
0 0.5089069927319084 0.8298304744687502 0.22393618046726413 0.34033905106249956
0 0.45806701793765026 0.38757768340035625 0.0499909116446896 0.13764765684962846
0 0.6585680359978981 0.5429995263220816 0.156283950324102 0.3648396192659776
0 0.8505997229159366 0.825682255014668 0.1724337598128836 0.3085555896028845
0 0.8730190636667002 0.7478592483574868 0.15073331762767286 0.2925095389558479
0 0.42272690326060314 0.6597642409360511 0.13030577113629616 0.2802750501004227
0 0.5141291771051548 0.6105179515089143 0.14372955120055148 0.3129429705488852