0 0.4109375 0.2361111111111111 0.041666666666666664 0.19074074074074074
0 0.4484375 0.20833333333333334 0.030729166666666665 0.14537037037037037
0 0.4078125 0.43796296296296294 0.08697916666666666 0.2722222222222222
0 0.3458333333333333 0.49583333333333335 0.12864583333333332 0.325
0 0.1125 0.8972222222222223 0.10208333333333333 0.20555555555555555
0 0.42552083333333335 0.8287037037037037 0.13958333333333334 0.3425925925925926
0 0.33489583333333334 0.7513888888888889 0.10052083333333334 0.25555555555555554
0 0.8239583333333333 0.9171296296296296 0.19635416666666666 0.16574074074074074
0 0.86875 0.774074074074074 0.11979166666666667 0.26296296296296295
0 0.5807291666666666 0.7555555555555555 0.18125 0.2777777777777778
0 0.46510416666666665 0.3458333333333333 0.030729166666666665 0.1259259259259259
0 0.6833333333333333 0.4199074074074074 0.10729166666666666 0.325
0 0.9119791666666667 0.6199074074074075 0.1328125 0.25925925925925924
0 0.9221354166666667 0.5361111111111111 0.1125 0.25092592592592594
0 0.4713541666666667 0.6212962962962963 0.09322916666666667 0.24537037037037038
0 0.5528645833333333 0.5393518518518519 0.10208333333333333 0.275