0 0.9216145833333333 0.5375 0.11354166666666667 0.2574074074074074
0 0.6830729166666667 0.4217592592592593 0.11041666666666666 0.32592592592592595
0 0.5916666666666667 0.7675925925925926 0.20260416666666667 0.26666666666666666
0 0.4153645833333333 0.862037037037037 0.1515625 0.2759259259259259
0 0.8294270833333334 0.9111111111111111 0.18645833333333334 0.17777777777777778
1 0.4666666666666667 0.3537037037037037 0.026041666666666668 0.0962962962962963
0 0.5567708333333333 0.5375 0.09010416666666667 0.27314814814814814
0 0.46119791666666665 0.6175925925925926 0.1171875 0.23981481481481481
0 0.35703125 0.7347222222222223 0.14427083333333332 0.225
0 0.34791666666666665 0.4981481481481482 0.13125 0.3296296296296296
0 0.11328125 0.8976851851851851 0.1078125 0.20462962962962963
0 0.8614583333333333 0.7782407407407408 0.128125 0.2657407407407407
0 0.9125 0.6226851851851852 0.1328125 0.2675925925925926
0 0.41119791666666666 0.22361111111111112 0.04114583333333333 0.16666666666666666
0 0.44947916666666665 0.21435185185185185 0.03177083333333333 0.15925925925925927