0 0.9132193352295446 0.6563869124651874 0.12610121563748322 0.2802379722062643
0 0.681313317101279 0.4941141336236542 0.1262440384186083 0.34779283620851936
0 0.573348446837413 0.8203269832621295 0.21535463041013567 0.30613400559840687
0 0.39295183482470425 0.8632219118991261 0.16487016179540273 0.2735561762017478
0 0.8031574948628701 0.9509195415618057 0.19470193776998504 0.09816091687638855
1 0.4689593674255905 0.3842198314360374 0.030660256222562056 0.10122460372330683
0 0.5498627196990667 0.5846631217441312 0.10330273430626799 0.2906149512684549
0 0.4507570179947834 0.6455879737259148 0.1290534832241311 0.26287175115569617
0 0.34114505587397065 0.741425266344267 0.15498605573499635 0.25364706956145594
0 0.34373281453106636 0.5044070936023988 0.14714101000949237 0.3557834613034974
0 0.0903658505173378 0.8557606789800517 0.11776142721777665 0.22596833964749935
0 0.8416666158040328 0.8692498006801164 0.14077546076731765 0.2615003986397672
0 0.9001570001378759 0.7392965868885544 0.1460110676396013 0.29370869567612307
0 0.42003989975731554 0.24400494839440254 0.04907770156860423 0.17472959801700128
0 0.45888743898889944 0.24218609874491054 0.0396208809517533 0.16571715005759435