0 0.35520833333333335 0.7569444444444444 0.11145833333333334 0.27037037037037037
0 0.4627604166666667 0.6203703703703703 0.11875 0.25092592592592594
0 0.5536458333333333 0.5370370370370371 0.09583333333333334 0.2712962962962963
1 0.46510416666666665 0.3435185185185185 0.027604166666666666 0.12314814814814815
0 0.5703125 0.7402777777777778 0.17135416666666667 0.30185185185185187
0 0.9072916666666667 0.5407407407407407 0.14010416666666667 0.26481481481481484
0 0.9127604166666666 0.6203703703703703 0.1328125 0.2638888888888889
0 0.8682291666666667 0.7847222222222222 0.10989583333333333 0.29814814814814816
0 0.7752604166666667 0.8916666666666667 0.14739583333333334 0.21666666666666667
0 0.4234375 0.8583333333333333 0.121875 0.2833333333333333
0 0.11354166666666667 0.8981481481481481 0.11145833333333334 0.2037037037037037
0 0.34713541666666664 0.512962962962963 0.13020833333333334 0.35462962962962963
0 0.45416666666666666 0.1986111111111111 0.022916666666666665 0.1259259259259259
0 0.40572916666666664 0.23703703703703705 0.03333333333333333 0.19166666666666668
0 0.4015625 0.4351851851851852 0.09270833333333334 0.2777777777777778
0 0.6828125 0.4212962962962963 0.10833333333333334 0.32407407407407407
0 0.4309895833333333 0.2861111111111111 0.051041666666666666 0.30185185185185187