0 0.3285686128638513 0.7196108393195969 0.14371736319117095 0.32014977324266947
0 0.45040859286043045 0.6394460365737145 0.14835032103669324 0.30387123781390063
0 0.5494803820553099 0.6027540737018128 0.128595015806345 0.3133435725872207
1 0.48676944148273404 0.3740110051118294 0.04313861032976855 0.13501778831566247
0 0.5405146218408418 0.8065858780090968 0.20639614025307013 0.3799544860442714
0 0.8939665275138099 0.7766089643645795 0.17081887724266334 0.32794786483941313
0 0.8895396178074256 0.8470043495968025 0.1640359234305573 0.3059913008063949
0 0.8252714169221859 0.9097542027355362 0.14558555802628678 0.18049159452892766
0 0.721787694992439 0.9544611621453993 0.1713030018857803 0.09107767570920142
0 0.38262654247546074 0.8405372731047417 0.15575107201231522 0.3189254537905166
0 0.07557693813035242 0.7393924932138507 0.13517192147931315 0.25464494733825854
0 0.3509563500171045 0.4803262289588328 0.1731749213483854 0.41145370094514533
0 0.49410469763105413 0.22882455717499253 0.03845111032976855 0.13462965707776448
0 0.4420804516317383 0.24256754342057135 0.0574253391870658 0.2047007005478746
0 0.41354101974156526 0.43181917127365105 0.12652683307147766 0.31780069944445133
0 0.6896449774888916 0.5532653368810889 0.1475298531076305 0.3713775790202939
0 0.46075941744589705 0.3019688758959835 0.0890510740290234 0.32210305694867547