0 0.6741075037060966 0.49666573471118025 0.1402200057228048 0.3811428815942236
0 0.7635174732918156 0.8017035833928644 0.20362566425717527 0.3965928332142712
0 0.8739403738248178 0.9084301206628765 0.19769919255655186 0.18313975867424687
0 0.8844415365889963 0.8259161579842377 0.15159652582442149 0.3481676840315246
0 0.919838160223759 0.6728474555093136 0.15672304592603817 0.3344314722028253
0 0.9104751070755828 0.5951230815943086 0.1603870599775308 0.34070640695401244
0 0.6023106398930185 0.8348749961835966 0.21701885505887475 0.33025000763280676
0 0.3232517161024097 0.9214252035496567 0.1694166263325053 0.1571495929006866
0 0.1627321989931231 0.9553913046982102 0.13524732721774518 0.08921739060357957
0 0.3515576551492569 0.6245645741079306 0.1679877988529044 0.4365896097897201
0 0.39254237125800323 0.3448744718947313 0.06314844561434611 0.21048036293040434
0 0.42731851486345485 0.3151858844074169 0.04271474082661785 0.169435356089134
1 0.45038383102203766 0.4446563122659847 0.04159732116762101 0.14608167102794828
0 0.5621165638145552 0.6300233036586748 0.11244312223362532 0.3229183756209495
0 0.4059603238980955 0.5483182250053679 0.1150291081821327 0.3178766623479878
0 0.4752208990664008 0.7179021797843682 0.14098593149738955 0.2970891592480021
0 0.39348525936343737 0.8516379257205299 0.15360713628511782 0.2967241485589402