0 0.68359375 0.41944444444444445 0.10885416666666667 0.325
0 0.73671875 0.7861111111111111 0.16302083333333334 0.42777777777777776
0 0.8372395833333334 0.9004629629629629 0.18020833333333333 0.19907407407407407
0 0.8611979166666667 0.7726851851851851 0.1234375 0.2953703703703704
0 0.9127604166666666 0.6208333333333333 0.13177083333333334 0.26666666666666666
0 0.9111979166666667 0.5435185185185185 0.13489583333333333 0.2712962962962963
0 0.5703125 0.812037037037037 0.18177083333333333 0.37592592592592594
0 0.28020833333333334 0.8777777777777778 0.146875 0.24444444444444444
0 0.11484375 0.8981481481481481 0.11666666666666667 0.2037037037037037
0 0.34661458333333334 0.5083333333333333 0.1328125 0.3685185185185185
0 0.4161458333333333 0.2375 0.04479166666666667 0.18703703703703703
0 0.45390625 0.2125 0.027604166666666666 0.15462962962962962
1 0.4640625 0.3425925925925926 0.028645833333333332 0.13148148148148148
0 0.5575520833333333 0.537962962962963 0.08541666666666667 0.27870370370370373
0 0.4088541666666667 0.4393518518518518 0.0890625 0.2722222222222222
0 0.46145833333333336 0.6143518518518518 0.11875 0.2361111111111111
0 0.36380208333333336 0.7564814814814815 0.128125 0.2712962962962963