0 0.46015625 0.6388888888888888 0.1171875 0.2935185185185185
0 0.4921875 0.33194444444444443 0.0765625 0.33425925925925926
0 0.39427083333333335 0.43425925925925923 0.10520833333333333 0.2824074074074074
0 0.45208333333333334 0.2101851851851852 0.025520833333333333 0.14814814814814814
0 0.11119791666666666 0.8981481481481481 0.10833333333333334 0.2037037037037037
0 0.7859375 0.9 0.15104166666666666 0.2
0 0.5869791666666667 0.7523148148148148 0.175 0.31203703703703706
0 0.6028645833333334 0.3435185185185185 0.06875 0.2759259259259259
0 0.865625 0.7671296296296296 0.10572916666666667 0.28703703703703703
0 0.684375 0.42268518518518516 0.11145833333333334 0.32685185185185184
0 0.55546875 0.5370370370370371 0.09583333333333334 0.2777777777777778
0 0.334375 0.7532407407407408 0.11614583333333334 0.31666666666666665
0 0.9122395833333333 0.6180555555555556 0.1328125 0.26296296296296295
0 0.909375 0.5430555555555555 0.13645833333333332 0.2712962962962963