0 0.46752511517614337 0.7040227524487588 0.14475463854340104 0.33931365797718416
0 0.5123302697812989 0.41506789597488 0.10807941742393415 0.36457153879317994
0 0.41027406672070216 0.47833567190408627 0.13189076550787177 0.32335023553313336
0 0.4776841214496923 0.28025193245734553 0.039419270057488846 0.15865562285073653
0 0.10796893527491035 0.8255031876500468 0.12727316804460972 0.2460661891906227
0 0.7803869113567761 0.977265482836602 0.1676655610693319 0.04546903432679604
0 0.5891689828349892 0.8370302680712817 0.20440932588823227 0.3259394638574366
0 0.6223787939058241 0.46882499328162885 0.09454772580567597 0.30332418487689056
0 0.8666547305601806 0.9102859828673117 0.13253288985304815 0.17942803426537668
0 0.7004224802854939 0.5776549298070283 0.1419335840906008 0.37019006717174324
0 0.5669771515700736 0.6403227820288937 0.12182512475795827 0.3152264149871487
0 0.33696862799642496 0.7680919445362747 0.14588192693594984 0.362548245023464
0 0.9195506750739231 0.8493330832555117 0.15759281734137787 0.3013338334889766
0 0.9194642388330998 0.781409750290995 0.16107152233380048 0.32465998792107104