0 0.6263020833333334 0.8490740740740741 0.14635416666666667 0.30185185185185187
0 0.45859375 0.6550925925925926 0.11510416666666666 0.31203703703703706
0 0.3703125 0.737037037037037 0.11927083333333334 0.2824074074074074
0 0.11640625 0.8981481481481481 0.115625 0.2037037037037037
0 0.5869791666666667 0.7643518518518518 0.16875 0.3296296296296296
0 0.68359375 0.4217592592592593 0.11145833333333334 0.32592592592592595
0 0.9067708333333333 0.5486111111111112 0.1328125 0.26851851851851855
0 0.9091145833333333 0.6023148148148149 0.13645833333333332 0.2111111111111111
0 0.8598958333333333 0.788425925925926 0.103125 0.2796296296296296
0 0.8247395833333333 0.8814814814814815 0.12239583333333333 0.23703703703703705
0 0.4484375 0.20972222222222223 0.03229166666666667 0.14629629629629629
0 0.5559895833333334 0.5356481481481481 0.08541666666666667 0.27314814814814814
0 0.6036458333333333 0.36157407407407405 0.06927083333333334 0.25555555555555554
0 0.51796875 0.36435185185185187 0.0703125 0.38425925925925924
0 0.396875 0.43796296296296294 0.0984375 0.2935185185185185
1 0.46484375 0.35185185185185186 0.028645833333333332 0.10462962962962963