0 0.5286154964808497 0.846061930923966 0.1994057394283639 0.288094847254624
0 0.4064688646556488 0.6215052917462675 0.17422299902626506 0.3578726408279579
0 0.30715921680768593 0.6624089417450812 0.17238072233759225 0.33101001485252346
0 0.05675153289334136 0.7063889283777786 0.11350306578668272 0.25291978749085364
0 0.5064308531412663 0.7840844759177165 0.23044018124432064 0.40065981634720294
0 0.663763010100263 0.4945475178584588 0.17320730317330207 0.36895142956832155
0 0.8498028592833032 0.715932475045451 0.1829536862395675 0.32382886404034844
0 0.8414763729182108 0.768828768182636 0.17562329952888878 0.27002819322440225
0 0.7615421501880256 0.8759304104722783 0.15067571350938255 0.21771305405850355
0 0.7119363167604178 0.9218182631256918 0.15875571332083308 0.1281568182096685
0 0.48281049357513905 0.18564639948609302 0.06030499173743801 0.15756966796331257
0 0.5213902909202167 0.5488292589292452 0.1372962463400923 0.30530969681966197
0 0.5999440455228708 0.4010569077021483 0.11788233735484539 0.28085852842020087
0 0.5184106091735343 0.36620669340127193 0.14382555067567868 0.4062679451163353
0 0.3900545868046918 0.3841241314567588 0.15419712268317862 0.3315588464530624
1 0.47073133949086454 0.330656161067534 0.048313075840462835 0.1147723670226528