0 0.11588541666666667 0.8976851851851851 0.109375 0.20462962962962963
1 0.46432291666666664 0.17962962962962964 0.03177083333333333 0.21851851851851853
0 0.42942708333333335 0.23935185185185184 0.04791666666666667 0.2212962962962963
0 0.40078125 0.4388888888888889 0.09739583333333333 0.2722222222222222
0 0.32890625 0.5273148148148148 0.15833333333333333 0.3
0 0.81953125 0.8851851851851852 0.16927083333333334 0.22962962962962963
0 0.8596354166666667 0.7652777777777777 0.1171875 0.2861111111111111
0 0.91328125 0.6300925925925925 0.13333333333333333 0.2722222222222222
0 0.9106770833333333 0.5550925925925926 0.14010416666666667 0.275
0 0.7653645833333333 0.5027777777777778 0.13489583333333333 0.39166666666666666
0 0.6833333333333333 0.4217592592592593 0.10833333333333334 0.3148148148148148
0 0.5963541666666666 0.362962962962963 0.07916666666666666 0.2518518518518518
0 0.5958333333333333 0.7666666666666667 0.1640625 0.3194444444444444
0 0.37135416666666665 0.7208333333333333 0.11614583333333334 0.24351851851851852
0 0.4596354166666667 0.6574074074074074 0.1171875 0.30277777777777776
0 0.5549479166666667 0.5398148148148149 0.08958333333333333 0.26944444444444443