0 0.12263179486616656 0.887769120001724 0.11699693876999043 0.22446175999655182
1 0.47348261949051823 0.24606672119869785 0.03954431912539936 0.22558557468253795
0 0.438484711027387 0.2982589242939376 0.05575077126756298 0.2316323411931577
0 0.4091681566153678 0.4912201925296956 0.10715057732893479 0.2926675640023724
0 0.33684174049848536 0.5643215408524885 0.16912417053732512 0.33306780068437253
0 0.8263203055769844 0.9447351687784514 0.1769685456143615 0.11052966244309724
0 0.8670557408941967 0.8778887831465964 0.12772070726646328 0.24422243370680732
0 0.9211461958296194 0.7876740647971364 0.1431335414355575 0.300660546092318
0 0.9188769982841404 0.7125228994547549 0.14994983887551355 0.30442089859557664
0 0.7736059546051081 0.6304753884237823 0.14925516468699934 0.4207096519062892
0 0.6917278172998049 0.532686754613687 0.11984201499935689 0.33792448395828006
0 0.6049974821630462 0.45590155335094257 0.08805201917816087 0.2686502915432061
0 0.6032640216411054 0.8403801948990568 0.17570757398589146 0.3192396102018864
0 0.3788490433487178 0.7657857831895393 0.1249402576315821 0.2684611056422
0 0.46722479112741183 0.7208778409283971 0.12799349190619935 0.3280226955862224
0 0.5630548995114009 0.6234755177026047 0.09929261322231207 0.2887560461567322