0 0.5171875 0.3402777777777778 0.0703125 0.387037037037037
1 0.4518229166666667 0.18287037037037038 0.0328125 0.2212962962962963
0 0.4015625 0.4356481481481482 0.0921875 0.2722222222222222
0 0.603125 0.3537037037037037 0.0859375 0.25833333333333336
0 0.6888020833333334 0.39537037037037037 0.09739583333333333 0.2675925925925926
0 0.93046875 0.6125 0.09375 0.2490740740740741
0 0.90859375 0.5504629629629629 0.1375 0.275
0 0.6505208333333333 0.5740740740740741 0.10833333333333334 0.28888888888888886
0 0.5796875 0.7375 0.13854166666666667 0.35
0 0.5549479166666667 0.5337962962962963 0.0859375 0.27870370370370373
0 0.4588541666666667 0.6504629629629629 0.11197916666666667 0.30462962962962964
0 0.37578125 0.7513888888888889 0.1265625 0.2861111111111111
0 0.86328125 0.775 0.10729166666666666 0.28703703703703703
0 0.81953125 0.8981481481481481 0.20364583333333333 0.2037037037037037
0 0.10859375 0.8976851851851851 0.1171875 0.20462962962962963
1 0.46979166666666666 0.3101851851851852 0.023958333333333335 0.19537037037037036
0 0.7721354166666666 0.5069444444444444 0.13697916666666668 0.3712962962962963