0 0.5354166666666667 0.41099743824563084 0.1140625 0.4176242200730082
1 0.48984375 0.22802775789344384 0.0578125 0.23529000296952574
0 0.41119791666666666 0.4473087581914898 0.121875 0.3138846308847058
0 0.61796875 0.46530960631639673 0.1140625 0.2972538497026378
0 0.696875 0.5469841999589876 0.1265625 0.3125668032976503
0 0.9078125 0.8630846747494654 0.12083333333333333 0.2738306505010693
0 0.89375 0.802283589450806 0.16666666666666666 0.3384319738594269
0 0.6385416666666667 0.7009867128118918 0.13958333333333334 0.3381242781072699
0 0.5502604166666667 0.8087229364559846 0.1765625 0.38255412708803077
0 0.5497395833333333 0.6158699197954717 0.11666666666666667 0.31792090022011726
0 0.4421875 0.6823207334235696 0.1453125 0.35636956702350275
0 0.34921875 0.7397848077273302 0.15729166666666666 0.3447713327372414
0 0.8229166666666666 0.914225913582983 0.13854166666666667 0.17154817283403392
0 0.765625 0.9724482116620881 0.22291666666666668 0.05510357667582395
0 0.07057291666666667 0.7524844764311011 0.13854166666666667 0.25930190234472256
1 0.49270833333333336 0.3593726245737824 0.04635416666666667 0.20528090661854195
0 0.7653645833333333 0.6946017026427719 0.17760416666666667 0.4341224749217295