0 0.5325520833333334 0.33935185185185185 0.071875 0.37962962962962965
0 0.60234375 0.38935185185185184 0.090625 0.30462962962962964
0 0.40130208333333334 0.43796296296296294 0.09583333333333334 0.2759259259259259
0 0.11067708333333333 0.8972222222222223 0.121875 0.20555555555555555
0 0.36822916666666666 0.7444444444444445 0.11770833333333333 0.2777777777777778
0 0.61015625 0.7490740740740741 0.14635416666666667 0.2898148148148148
0 0.8169270833333333 0.899537037037037 0.21770833333333334 0.20092592592592592
0 0.5536458333333333 0.5356481481481481 0.08802083333333334 0.26851851851851855
0 0.68046875 0.6398148148148148 0.1484375 0.25277777777777777
0 0.68359375 0.4162037037037037 0.11041666666666666 0.3074074074074074
0 0.7838541666666666 0.5361111111111111 0.12395833333333334 0.4166666666666667
0 0.85859375 0.7648148148148148 0.12708333333333333 0.3212962962962963
0 0.9078125 0.5476851851851852 0.13802083333333334 0.28703703703703703
0 0.4596354166666667 0.6486111111111111 0.11770833333333333 0.3074074074074074
0 0.9411458333333333 0.6064814814814815 0.04635416666666667 0.26666666666666666
1 0.428125 0.3300925925925926 0.07395833333333333 0.32314814814814813