0 0.5399589912382156 0.42530088590676773 0.11930818227315759 0.4097733441722452
0 0.614553243797752 0.47283976505605696 0.12892216375249746 0.34179174140118485
0 0.4233154038882612 0.5298693015327288 0.13049676170486818 0.31456521768478624
0 0.19287556533049505 0.9379587167026874 0.14254448343497012 0.12408256659462524
0 0.428986996855834 0.8384617170393348 0.15273352218264832 0.3230765659213304
0 0.6666642166399437 0.8296720663029558 0.18293379021440093 0.3406558673940885
0 0.8832059326374287 0.9164440372885981 0.23358813472514253 0.16711192542280362
0 0.5849542452644748 0.621642458359717 0.12164662768899177 0.30383594759518234
0 0.7222649275279942 0.7210426197327083 0.18039743421914997 0.3123660472326395
0 0.6975962877795011 0.49619835614045443 0.14907559089694403 0.3517644986047348
0 0.8106006183136633 0.6128558686047748 0.17616221248904793 0.46747656271763316
0 0.9122015838415173 0.8265790383750595 0.16724501219377572 0.34684192324988083
0 0.9232546811083877 0.6189815389654101 0.15349063778322455 0.3424693935606725
0 0.5066674116915066 0.7389363169176438 0.1564706177001194 0.35490260993313827
0 0.966911030402845 0.6768936009139531 0.06617793919430995 0.2863007082582741
1 0.43628126889456964 0.42030573861493786 0.11412404484456609 0.35385028590910345