0 0.5787398396766813 0.7704221014838166 0.16492158932918954 0.31597590235499395
0 0.43959746209153494 0.6298825757520281 0.1337543389847036 0.25857318133563423
0 0.39185706499977635 0.44260205579114853 0.10806513426997384 0.291082247714024
0 0.5272280873320737 0.36896177488524456 0.09837908574473365 0.3981017647896932
0 0.5952674578864037 0.4280638592999826 0.10686650730550322 0.3049226503114457
0 0.6749842036129764 0.4592646070142507 0.12686508670989508 0.33329842568398654
0 0.7676760997395736 0.5821458402983174 0.14766562282763546 0.43201224723258613
0 0.6705492220861314 0.6782864937386217 0.12680228715119762 0.2713098749384168
0 0.8459979602310113 0.8354313419865235 0.15955629569805202 0.3291373160269531
1 0.42372852123054405 0.3402663924911302 0.09299950895963605 0.351676171716151
0 0.07169857602933323 0.8644994136592661 0.13268697808048435 0.2178324405948935
0 0.7813018748990591 0.9232962809000457 0.22333480024766886 0.15340743819990874
0 0.34019246746821846 0.75328955771568 0.1329081739721699 0.30573075516923354
0 0.8893805743054013 0.6123328220188092 0.15681799090076584 0.3046223597865466
0 0.8987412911514412 0.6728574112442652 0.12911535538944083 0.26027957431308424