0 0.6057291666666667 0.7421296296296296 0.1484375 0.29814814814814816
0 0.4591145833333333 0.6199074074074075 0.1203125 0.24351851851851852
0 0.40130208333333334 0.4393518518518518 0.0921875 0.2796296296296296
0 0.53203125 0.3490740740740741 0.0765625 0.3888888888888889
0 0.603125 0.399537037037037 0.090625 0.2935185185185185
0 0.684375 0.42083333333333334 0.10885416666666667 0.32037037037037036
0 0.78359375 0.5314814814814814 0.12447916666666667 0.4166666666666667
0 0.6921875 0.6393518518518518 0.1125 0.2574074074074074
0 0.87578125 0.774074074074074 0.1421875 0.31203703703703706
1 0.42734375 0.3333333333333333 0.07395833333333333 0.3425925925925926
0 0.10546875 0.8986111111111111 0.12135416666666667 0.20277777777777778
0 0.8174479166666667 0.9027777777777778 0.21354166666666666 0.19444444444444445
0 0.36692708333333335 0.7546296296296297 0.11666666666666667 0.2916666666666667
0 0.9065104166666667 0.5462962962962963 0.140625 0.28703703703703703
0 0.9192708333333334 0.6055555555555555 0.11510416666666666 0.2462962962962963