0 0.8788315143348164 0.7113362651789907 0.23994441149637424 0.2914994070378182
0 0.9090686185891077 0.5695795176989674 0.18186276282178468 0.35426192200323686
0 0.930438106837183 0.38692094636693863 0.13912378632563407 0.3071868102797066
0 0.9147739246611413 0.33997017444016864 0.17017843906726 0.32637505351699053
0 0.7906529254882079 0.37390988904867395 0.18755290170816843 0.4737926178338809
0 0.6018907809474477 0.32133645731593485 0.1221647395911186 0.31870378604810834
0 0.6810388949535419 0.3041116409700722 0.15237450895963606 0.3609336396765101
0 0.5702583938502855 0.46871344889116356 0.1257135401149777 0.315301962196103
0 0.49280480252097447 0.6203484644221346 0.15525692693594983 0.35193313457584946
0 0.4163921598407381 0.751946695466399 0.1554738147220835 0.3205379044805675
0 0.6486745308776487 0.6427037559101391 0.1731108094834949 0.358954963696797
0 0.7270435103375791 0.5160471775326181 0.11809366969874256 0.2823339207783986
1 0.4020662939058242 0.3346344198789549 0.09335053487638897 0.34957895487475493
0 0.44721612806622396 0.35455828423003594 0.13054946139955728 0.400702775846787
0 0.5249815245373068 0.2845556901063955 0.12622583443508664 0.4142035334977779
0 0.18403988626708948 0.9382139896469099 0.13535961124870505 0.10821927396266304