0 0.8213541666666667 0.8986111111111111 0.21510416666666668 0.20277777777777778
0 0.8703125 0.774074074074074 0.1453125 0.2962962962962963
0 0.9200520833333333 0.6078703703703704 0.11666666666666667 0.2601851851851852
0 0.9057291666666667 0.5532407407407407 0.13541666666666666 0.2722222222222222
0 0.7807291666666667 0.5342592592592592 0.1328125 0.4222222222222222
0 0.6044270833333333 0.4041666666666667 0.08489583333333334 0.2861111111111111
0 0.68359375 0.4203703703703704 0.11145833333333334 0.31666666666666665
0 0.5541666666666667 0.5337962962962963 0.0890625 0.28055555555555556
0 0.4588541666666667 0.6486111111111111 0.115625 0.30648148148148147
0 0.3671875 0.7439814814814815 0.1203125 0.2722222222222222
0 0.60703125 0.7356481481481482 0.13385416666666666 0.3055555555555556
0 0.7 0.6453703703703704 0.0859375 0.24814814814814815
1 0.40859375 0.33287037037037037 0.049479166666666664 0.3314814814814815
0 0.45 0.3712962962962963 0.08229166666666667 0.36944444444444446
0 0.5346354166666667 0.33611111111111114 0.07552083333333333 0.3861111111111111
0 0.109375 0.8976851851851851 0.11302083333333333 0.20462962962962963