1 0.4179335681812191 0.22901015923433757 0.03638678679595202 0.1580075222039199
0 0.8302337482383694 0.8792196643192879 0.18768682548591803 0.24156067136142426
0 0.16658285226908248 0.9535085369326746 0.15209624350607984 0.09298292613465096
0 0.49877755749333164 0.4138085954559446 0.10221033955479703 0.401623762192705
0 0.42711883630838615 0.37020310920260047 0.06516635173076005 0.22963547542299953
0 0.3796606827641405 0.3290179900730934 0.06266218804024462 0.2393612822237021
1 0.43977793195226317 0.3886118291518211 0.06400649972864182 0.21741468703216957
1 0.6402220817084803 0.49560541050090257 0.14763838879697175 0.47433988522062187
0 0.6907286868224287 0.423636646156693 0.08992734496658035 0.26265733594084056
0 0.39522163906613283 0.8518718432029971 0.1631050197498233 0.29625631359400567
0 0.6997924069241388 0.7113132283535256 0.1804379786242251 0.3729043968114895
0 0.48124886796281446 0.7467076424541572 0.15080502570212578 0.3732230387839424
0 0.9098896994032319 0.5570399621837498 0.17250729328877365 0.3594892246210044
0 0.5618209836289713 0.6125669504542508 0.12012395102698671 0.31974610137579507
0 0.5871133545712323 0.4349370782454634 0.10292735984733643 0.3157882781122834
0 0.7817601538134069 0.5339755827042386 0.15151413771483463 0.44544526100616466
0 0.9275348929241979 0.6251163635283917 0.1449302141516043 0.34128217891797824