1 0.45859375 0.13240740740740742 0.017708333333333333 0.14814814814814814
0 0.7838541666666666 0.8851851851851852 0.16145833333333334 0.22962962962962963
0 0.10338541666666666 0.887962962962963 0.12760416666666666 0.22407407407407406
0 0.5158854166666667 0.3287037037037037 0.05625 0.3712962962962963
0 0.44973958333333336 0.27175925925925926 0.03958333333333333 0.20833333333333334
0 0.4075520833333333 0.2222222222222222 0.035416666666666666 0.22037037037037038
1 0.46015625 0.29212962962962963 0.04010416666666667 0.1962962962962963
1 0.6471354166666666 0.4361111111111111 0.09583333333333334 0.42314814814814816
0 0.7067708333333333 0.37592592592592594 0.06197916666666667 0.22962962962962963
0 0.353125 0.7643518518518518 0.12916666666666668 0.2851851851851852
0 0.6794270833333333 0.6587962962962963 0.14583333333333334 0.29444444444444445
0 0.45625 0.65 0.11354166666666667 0.31203703703703706
0 0.9091145833333333 0.549537037037037 0.1390625 0.28425925925925927
0 0.55390625 0.5351851851851852 0.08697916666666666 0.27314814814814814
0 0.6015625 0.36666666666666664 0.06875 0.27870370370370373
0 0.7838541666666666 0.5018518518518519 0.10416666666666667 0.38981481481481484
0 0.91953125 0.6199074074074075 0.11458333333333333 0.2796296296296296