0 0.6794270833333333 0.6592592592592592 0.14322916666666666 0.29907407407407405
1 0.46484375 0.300462962962963 0.0359375 0.21203703703703702
0 0.4479166666666667 0.2740740740740741 0.036458333333333336 0.2037037037037037
0 0.40286458333333336 0.4583333333333333 0.10104166666666667 0.29259259259259257
0 0.09947916666666666 0.9361111111111111 0.14322916666666666 0.12777777777777777
0 0.79375 0.8833333333333333 0.18020833333333333 0.23333333333333334
0 0.78515625 0.5037037037037037 0.09635416666666667 0.39166666666666666
0 0.68359375 0.4212962962962963 0.11041666666666666 0.3194444444444444
0 0.6010416666666667 0.36018518518518516 0.0765625 0.2777777777777778
0 0.5520833333333334 0.5337962962962963 0.09322916666666667 0.27870370370370373
0 0.35625 0.75 0.12604166666666666 0.24537037037037038
0 0.45755208333333336 0.6509259259259259 0.1203125 0.30925925925925923
0 0.9083333333333333 0.5578703703703703 0.13645833333333332 0.3
0 0.9192708333333334 0.6208333333333333 0.11354166666666667 0.2824074074074074