0 0.6570472247663417 0.6462233222499599 0.16192431523409567 0.3237424235063326
1 0.4658544925732325 0.27230967303106185 0.04921563670443116 0.2180307846298832
0 0.45088738486724117 0.2444142201117614 0.04902463571584784 0.20969745129654987
0 0.3944583359447678 0.42536260098025286 0.11948214724931829 0.31044903527733275
0 0.06933453513990358 0.8808745143350346 0.13866907027980716 0.15302181112938765
0 0.7573425882266744 0.8551329521534967 0.19385874704664421 0.21903909375053832
0 0.7720236027382881 0.49831469951184715 0.12069004778152011 0.40854330003985395
0 0.676011197275564 0.4089487641627364 0.13053548387792896 0.33876564691137934
0 0.5976974001778869 0.3417880177133032 0.09407892294008728 0.29156324142969503
0 0.5381376025735242 0.5118004084739709 0.11080925660294814 0.29520315337750297
0 0.3301093576688103 0.71353831406773 0.14138014197687465 0.2671900253166798
0 0.437030951217503 0.6219984518547106 0.1396982605572809 0.329991338122762
0 0.8910048445000949 0.5615221420699803 0.15515348190076234 0.323392181499758
0 0.8981236424215915 0.6254294559904102 0.1312490905953368 0.3018094349527827