0 0.40338541666666666 0.4666666666666667 0.1171875 0.3675925925925926
0 0.5518229166666667 0.5254629629629629 0.08333333333333333 0.29814814814814816
0 0.4557291666666667 0.649074074074074 0.11927083333333334 0.30833333333333335
0 0.36432291666666666 0.7476851851851852 0.13802083333333334 0.2537037037037037
1 0.39791666666666664 0.2273148148148148 0.03125 0.24074074074074073
0 0.12395833333333334 0.9097222222222222 0.12135416666666667 0.18055555555555555
0 0.7888020833333333 0.8791666666666667 0.1609375 0.24166666666666667
0 0.9184895833333333 0.6226851851851852 0.12135416666666667 0.27685185185185185
0 0.9109375 0.5513888888888889 0.13333333333333333 0.2851851851851852
0 0.7869791666666667 0.5277777777777778 0.1 0.425
0 0.6809895833333334 0.6597222222222222 0.13802083333333334 0.2962962962962963
0 0.67265625 0.43287037037037035 0.13020833333333334 0.34444444444444444
0 0.6002604166666666 0.38055555555555554 0.08177083333333333 0.2861111111111111
1 0.45390625 0.2986111111111111 0.051041666666666666 0.29907407407407405