0 0.4277680859184072 0.4487085294810729 0.16607067950331544 0.39843022146779633
0 0.5737234679407057 0.5507077781077919 0.12291606495621513 0.31983361029774976
0 0.472373372286158 0.6438910013909176 0.16030973384553515 0.34095816931889394
0 0.3767312286513225 0.7140661401324676 0.1721189254606583 0.2921749965815471
1 0.432466666014382 0.21106879022558453 0.06339239051026209 0.24737370865454494
0 0.12918109486541285 0.8019124069358912 0.14567349283276954 0.21484908329206587
0 0.7931849322414034 0.9133230499563599 0.18879641434739203 0.17335390008728002
0 0.9286373083647625 0.756171556168448 0.142725383270475 0.3103918396397561
0 0.923064997278076 0.6834594356743066 0.1538700054438479 0.3217615297168465
0 0.8088795890027517 0.6235632057193448 0.1564723669791602 0.45003426847725103
0 0.6970862439038673 0.7216181520616222 0.17772046041105463 0.33484300803921707
0 0.6986916889495919 0.4959400309780935 0.17615787445241865 0.3801379595445101
0 0.6284484159177607 0.42233333387552185 0.11975920000646549 0.30774270264280024
1 0.48537891783438597 0.29819266895344926 0.09076259434997833 0.3108430554258847