1 0.4570689083253244 0.3390835625558657 0.08184048174694401 0.31523625095940544
0 0.3164793240492446 0.7758887791304757 0.1857401209552466 0.34165494240297634
0 0.06084713408713775 0.8462813019857379 0.1216942681742755 0.176445223951385
0 0.6670504457741825 0.5292724245650536 0.15290802475669713 0.34838866877512564
0 0.6068221855951392 0.46068300868764356 0.09965954530333315 0.30879043416445123
0 0.5252443631162661 0.6025351569612799 0.11664518105577125 0.31699764505245065
0 0.414945509817439 0.6897626737088063 0.14930775843561694 0.34893709139337553
0 0.3866630316994141 0.4932602254295713 0.16932041319530822 0.40812415725125484
0 0.6379016050577476 0.7705483216701375 0.18429472579345638 0.3544021891901246
0 0.7593917642315439 0.6686586450609444 0.1533695971412958 0.452532937009172
0 0.8678328766568988 0.7361910144635753 0.1689367532518207 0.3371514352186805
0 0.7184920642627941 0.9342673413432123 0.1937422083255863 0.13146531731357528
0 0.8682206686141366 0.8027722214749549 0.14443161577145033 0.3235595880857
1 0.4325402788091977 0.2364995345354453 0.07426266377645033 0.2665488123717204