1 0.45729166666666665 0.29814814814814816 0.04635416666666667 0.30092592592592593
0 0.3703125 0.7694444444444445 0.15104166666666666 0.2935185185185185
0 0.11979166666666667 0.9222222222222223 0.121875 0.13796296296296295
0 0.68515625 0.41712962962962963 0.11614583333333334 0.3111111111111111
0 0.6182291666666667 0.36944444444444446 0.065625 0.287962962962963
0 0.5546875 0.5337962962962963 0.08229166666666667 0.29074074074074074
0 0.45677083333333335 0.6541666666666667 0.11197916666666667 0.31296296296296294
0 0.40625 0.4708333333333333 0.12552083333333333 0.3685185185185185
0 0.6848958333333334 0.6620370370370371 0.14791666666666667 0.3074074074074074
0 0.7921875 0.524074074074074 0.10364583333333334 0.41944444444444445
0 0.90625 0.5555555555555556 0.13385416666666666 0.29444444444444445
0 0.7911458333333333 0.8782407407407408 0.16822916666666668 0.24351851851851852
0 0.9145833333333333 0.6203703703703703 0.11041666666666666 0.287962962962963
1 0.42109375 0.20555555555555555 0.044270833333333336 0.25277777777777777