0 0.6924479166666667 0.7398148148148148 0.1734375 0.4398148148148148
0 0.8427083333333333 0.8069444444444445 0.18489583333333334 0.3712962962962963
0 0.51484375 0.8069444444444445 0.15208333333333332 0.362962962962963
0 0.6432291666666666 0.2898148148148148 0.16510416666666666 0.26481481481481484
0 0.60078125 0.1763888888888889 0.0859375 0.22592592592592592
1 0.2520833333333333 0.7453703703703703 0.19479166666666667 0.49166666666666664
1 0.43984375 0.19074074074074074 0.09947916666666666 0.29907407407407405
1 0.6809895833333334 0.19212962962962962 0.08802083333333334 0.23148148148148148
1 0.7231770833333333 0.34305555555555556 0.11510416666666666 0.32037037037037036
1 0.34010416666666665 0.26296296296296295 0.11822916666666666 0.3333333333333333
1 0.7713541666666667 0.5078703703703704 0.1453125 0.37222222222222223
1 0.3809895833333333 0.49722222222222223 0.12135416666666667 0.6268518518518519
1 0.78203125 0.8111111111111111 0.18489583333333334 0.3574074074074074