0 0.7120639415048963 0.5594619617029314 0.22406961070442247 0.5264914970293588
0 0.8666847766152297 0.5471990935444383 0.22730333381072587 0.4640576127647318
0 0.5450605552726695 0.7145913523313264 0.19383667069805904 0.43884995143814776
0 0.6140432239815463 0.1632479643372943 0.19480524713557468 0.3264959286745886
0 0.5597195330999399 0.09966610139723955 0.11207116801930207 0.1993322027944791
1 0.28084975682953306 0.7358199283310459 0.25083174047845297 0.4813477218572083
1 0.40350856109431893 0.16777784730629178 0.13444918491405933 0.33555569461258355
1 0.6402822199899247 0.08836626283118047 0.11471775779757488 0.17673252566236095
1 0.6982727733131827 0.17548373061883188 0.15232721069381702 0.35096746123766376
1 0.31374304953056176 0.28147392473757293 0.15710561736154413 0.39189249778812274
1 0.7637396544133348 0.2961875067500926 0.18814992714299852 0.4445000235365302
1 0.3797910035142292 0.4855748577072485 0.1964964760502705 0.6862233390027518
1 0.8076578872798812 0.5821288242778916 0.2251290938096652 0.4498663931910793