1 0.6822916666666666 0.5837962962962963 0.13125 0.7472222222222222
1 0.8208333333333333 0.7810185185185186 0.228125 0.41759259259259257
1 0.22057291666666667 0.65 0.19947916666666668 0.65
0 0.37005208333333334 0.6625 0.1796875 0.4527777777777778
1 0.55546875 0.6995370370370371 0.18072916666666666 0.5879629629629629
0 0.3421875 0.2449074074074074 0.10208333333333333 0.4046296296296296
1 0.9270833333333334 0.7787037037037037 0.14583333333333334 0.43333333333333335
0 0.39296875 0.4671296296296296 0.16510416666666666 0.33796296296296297
1 0.78828125 0.5046296296296297 0.13489583333333333 0.36666666666666664
1 0.4109375 0.09722222222222222 0.090625 0.18703703703703703
0 0.45703125 0.2763888888888889 0.08802083333333334 0.262037037037037
1 0.50703125 0.1550925925925926 0.06302083333333333 0.30833333333333335