1 0.6489513133721185 0.6022503574297506 0.25207619733753245 0.7390294970035269
1 0.7496711234737473 0.7926414688147689 0.2889324842074567 0.3497336993044432
1 0.1965018832072089 0.5054270265783274 0.30398975201434736 0.7343162588774635
0 0.3370928458182058 0.5790769921123698 0.2515102839537493 0.5327635490645531
1 0.5085199729539392 0.6691660116331615 0.2743385165011735 0.6208782538141278
0 0.3797909762740038 0.19209261315925516 0.166459714118659 0.3841852263185103
1 0.8521382311797386 0.8160107173414115 0.2105333662861059 0.2883389213606466
0 0.3916989780740126 0.39822290716872544 0.21808588111485344 0.41358139659596754
1 0.7632636188727528 0.5967996188201634 0.1934042160958254 0.4261770842298113
1 0.4703266559570156 0.07954151319162167 0.1187216880859688 0.15908302638324334
0 0.4850868575288338 0.2389458355287773 0.12964414593120732 0.2998767580224906
1 0.5531369520661097 0.15362688734496138 0.11322064988554009 0.30725377468992277