0 0.34026337035535204 0.5678789148861673 0.19807478591209057 0.4935839237365388
1 0.39337712070167874 0.07521796540034881 0.1056829678312667 0.15043593080069761
0 0.4570107120079301 0.18014269499863286 0.11682977038251963 0.31078058976190703
1 0.7549975537997118 0.6500689004771223 0.2650183688294954 0.43348635974902194
0 0.3965120896425371 0.37030659633006796 0.1501152895172536 0.3851569103019973
1 0.6954259086940853 0.2581790250954257 0.23906734608959823 0.45952111303500687
1 0.5647094686634604 0.14717524616913683 0.1330670553242224 0.29435049233827365
1 0.19453798821445953 0.5700591520008769 0.2333340026341021 0.6938871800198116
1 0.5161162032724202 0.11172884811931359 0.10214259345515954 0.22345769623862718
1 0.7516116641018299 0.39553850494361315 0.1948863490014349 0.413233905094021
0 0.3365840648226605 0.1667932822805512 0.11553758679962911 0.2665416822305002
1 0.36673434955656725 0.3729750418391583 0.20960154062650863 0.4088067829256589