0 0.38307291666666665 0.6643518518518519 0.14947916666666666 0.43425925925925923
1 0.37734375 0.13703703703703704 0.08385416666666666 0.1925925925925926
0 0.45807291666666666 0.2796296296296296 0.0859375 0.2759259259259259
1 0.8161458333333333 0.7837962962962963 0.221875 0.41388888888888886
0 0.41796875 0.4685185185185185 0.11197916666666667 0.34074074074074073
1 0.709375 0.3597222222222222 0.19583333333333333 0.3824074074074074
1 0.5572916666666666 0.1884259259259259 0.090625 0.3768518518518518
1 0.23515625 0.6648148148148149 0.16302083333333334 0.6277777777777778
1 0.5041666666666667 0.1550925925925926 0.06770833333333333 0.3101851851851852
1 0.7817708333333333 0.49722222222222223 0.15520833333333334 0.35185185185185186
0 0.334375 0.2652777777777778 0.08958333333333333 0.23055555555555557
1 0.3880208333333333 0.4708333333333333 0.17083333333333334 0.3416666666666667