1 0.5286458333333334 0.1699074074074074 0.065625 0.33611111111111114
1 0.4640625 0.10925925925925926 0.06458333333333334 0.21851851851851853
0 0.3875 0.4671296296296296 0.171875 0.33611111111111114
0 0.3307291666666667 0.26435185185185184 0.08125 0.22870370370370371
1 0.4296875 0.13425925925925927 0.07708333333333334 0.18333333333333332
0 0.4588541666666667 0.2777777777777778 0.084375 0.2722222222222222
0 0.3731770833333333 0.6652777777777777 0.1703125 0.4324074074074074
1 0.72890625 0.3365740740740741 0.1328125 0.3472222222222222
1 0.24244791666666668 0.6425925925925926 0.1546875 0.6388888888888888
1 0.8083333333333333 0.7787037037037037 0.23958333333333334 0.39814814814814814
1 0.7736979166666667 0.4847222222222222 0.1421875 0.3472222222222222