1 0.4867598537640523 0.26748858141515114 0.11726970752810455 0.3660258203133928
1 0.4150988494801918 0.21740096021748304 0.09768408400478243 0.2580048316186427
0 0.39830039462549016 0.5929208614036173 0.22166804745199234 0.4419295302596711
0 0.31152992969540544 0.4038954916319427 0.11577441931528215 0.2781656258069486
1 0.38605288192627907 0.25084362581950376 0.10483869171077369 0.23084265476272103
0 0.4368663969197905 0.3866872127081224 0.12562603558899427 0.3234312080862868
0 0.41586280702069006 0.7626233532584485 0.2352486139918054 0.47475329348310297
1 0.7053104455003426 0.3811249768885652 0.18508238012627012 0.42918018274779923
1 0.285639000037181 0.717679203973004 0.25060390385226644 0.564641592053992
1 0.8513794399807533 0.7649715698192996 0.2972411200384935 0.4700568603614009
1 0.7719669324963913 0.5182511498491555 0.19454226945452954 0.4347337186688416