0 0.42161458333333335 0.4444444444444444 0.10572916666666667 0.30185185185185187
1 0.2171875 0.6606481481481481 0.18958333333333333 0.6416666666666667
1 0.80546875 0.7814814814814814 0.2390625 0.40185185185185185
0 0.3734375 0.6680555555555555 0.18958333333333333 0.39166666666666666
0 0.459375 0.2791666666666667 0.08333333333333333 0.275
1 0.53125 0.1699074074074074 0.059375 0.33611111111111114
0 0.34322916666666664 0.28703703703703703 0.10625 0.2740740740740741
1 0.40130208333333334 0.09444444444444444 0.0796875 0.18888888888888888
1 0.7666666666666667 0.49166666666666664 0.128125 0.3425925925925926
1 0.7216145833333333 0.38101851851851853 0.1171875 0.25092592592592594
1 0.4666666666666667 0.10740740740740741 0.06354166666666666 0.21481481481481482