0 0.4519767688044679 0.42104841524992787 0.14733936800950645 0.3263251723458287
1 0.24210744459842198 0.5867449108659628 0.27836553197437686 0.6848692113181543
1 0.8285046700237663 0.8044277611372995 0.2903995912930204 0.3777742429191129
0 0.3990112007251323 0.6314466908437009 0.24395780759107713 0.43744228767665755
0 0.4931226775691892 0.26636191471589343 0.12146507205414257 0.2936699684835103
1 0.5674728531221039 0.17525994438156364 0.10542400428366085 0.34810028357332007
0 0.37626598731216954 0.24672446862147868 0.14418935612268116 0.2994571598556131
1 0.43908200753535004 0.08642470020854638 0.10420568173736673 0.17284940041709276
1 0.797825677993526 0.5499597378913075 0.1755972908028833 0.3728854257353998
1 0.7544839578361454 0.429500792680068 0.1523600367602621 0.2791837533154254
1 0.5040610393365021 0.10596579981304177 0.0924970786730043 0.21193159962608354