0 0.45807291666666666 0.28194444444444444 0.0828125 0.2657407407407407
0 0.37473958333333335 0.6708333333333333 0.18697916666666667 0.4009259259259259
1 0.52890625 0.16898148148148148 0.06510416666666667 0.33796296296296297
1 0.21536458333333333 0.6657407407407407 0.21302083333333333 0.6555555555555556
1 0.8036458333333333 0.7625 0.24166666666666667 0.4046296296296296
0 0.3307291666666667 0.26064814814814813 0.08125 0.22314814814814815
1 0.465625 0.11296296296296296 0.06354166666666666 0.22592592592592592
0 0.42265625 0.4462962962962963 0.10364583333333334 0.2962962962962963
1 0.7338541666666667 0.35 0.14375 0.3111111111111111
1 0.3828125 0.09537037037037037 0.07916666666666666 0.19074074074074074
1 0.7255208333333333 0.4935185185185185 0.175 0.34074074074074073