0 0.47641623370267566 0.3228483282408286 0.10353138329278763 0.29395735499221
0 0.3645877524686189 0.67549757755473 0.21811809399971233 0.4659530008032528
1 0.5550134114939687 0.2365741339553679 0.09229424869705838 0.3603635086178214
1 0.20715064005667833 0.6147665618362717 0.2647968307274501 0.7290320900045106
1 0.7828339320474963 0.8356968930221479 0.27212719444233213 0.3286062139557043
0 0.3517658652733429 0.2576444719210822 0.09870449778690021 0.25087940100403416
1 0.4964664547222643 0.16525630325477703 0.0814745761111953 0.2361367795905995
0 0.4290040819649278 0.4720535228637559 0.12708705796082262 0.3324952730812371
1 0.7445684795710636 0.4862160049811725 0.1677908410728461 0.36077581258369884
1 0.41564941458449467 0.1300454495901035 0.09379882916898931 0.1837273729417843
1 0.7257567093712509 0.6244984081326638 0.20124537919390756 0.401264308433772