1 0.22319073817418295 0.5832704377113125 0.2519506357406353 0.6979566035134267
1 0.49404843034206725 0.09429040320378211 0.08705519401746784 0.18858080640756422
1 0.4142450937134567 0.0702976317075573 0.0899485207602467 0.1405952634151146
0 0.43205597070921353 0.4162739839540538 0.138506265170669 0.3741684674266299
1 0.7898428173884198 0.4956794418512445 0.1849435487701032 0.4274642792762822
0 0.47260317096292076 0.2269155867148487 0.12345781292740175 0.3071660579253715
1 0.5556477989224735 0.1524889867173117 0.09495876352303038 0.3049779734346234
1 0.7455896848030851 0.3183974038927206 0.17044687716052068 0.38453594384909806
0 0.36076372185016686 0.19789971355492997 0.11770919632416188 0.26043303013504987
0 0.3750176311272471 0.603457237718644 0.20965616108948276 0.43993017337471085
1 0.801934707388128 0.7385913888502833 0.27738748915037237 0.4018911241759716