1 0.21848958333333332 0.6648148148148149 0.19427083333333334 0.6388888888888888
1 0.46458333333333335 0.11435185185185186 0.06666666666666667 0.22870370370370371
1 0.38359375 0.09490740740740741 0.0734375 0.18981481481481483
0 0.41901041666666666 0.4726851851851852 0.1078125 0.3416666666666667
1 0.7794270833333333 0.5074074074074074 0.15052083333333333 0.3814814814814815
0 0.45078125 0.2791666666666667 0.0984375 0.27685185185185185
1 0.5291666666666667 0.16944444444444445 0.06458333333333334 0.337037037037037
1 0.7270833333333333 0.3365740740740741 0.13958333333333334 0.3416666666666667
0 0.3380208333333333 0.26435185185185184 0.096875 0.23055555555555557
0 0.37083333333333335 0.6662037037037037 0.175 0.3861111111111111
1 0.80546875 0.7847222222222222 0.24322916666666666 0.4009259259259259