1 0.21822916666666667 0.6555555555555556 0.1875 0.6018518518518519
1 0.7385416666666667 0.33935185185185185 0.146875 0.32685185185185184
1 0.5364583333333334 0.1814814814814815 0.08229166666666667 0.362962962962963
1 0.40182291666666664 0.09814814814814815 0.08802083333333334 0.19444444444444445
0 0.36484375 0.6458333333333334 0.17239583333333333 0.39351851851851855
1 0.47239583333333335 0.1537037037037037 0.06145833333333333 0.3074074074074074
1 0.7747395833333334 0.48935185185185187 0.14322916666666666 0.36203703703703705
0 0.37109375 0.48055555555555557 0.18697916666666667 0.30925925925925923
0 0.42916666666666664 0.24074074074074073 0.096875 0.22037037037037038
1 0.77734375 0.799074074074074 0.20677083333333332 0.3962962962962963
0 0.33489583333333334 0.2638888888888889 0.10625 0.2351851851851852