1 0.19359567247771176 0.6827887988425486 0.27976335295910054 0.6103700487115576
1 0.7025356324920998 0.19357954585551196 0.19951198094635483 0.38587453849289294
1 0.4932705667836144 0.15976177503621491 0.13950053309943786 0.31952355007242983
1 0.3556515441367894 0.10587943885957635 0.11937167926953762 0.2117588777191527
0 0.3384726299740489 0.6457091250110853 0.23584958756624239 0.4623123583222162
1 0.4285993865206795 0.14373519175587618 0.11068411810676354 0.28747038351175236
1 0.744269478781972 0.32494946718805506 0.20159304219086066 0.41920787182622626
0 0.338577168054598 0.4824088895163304 0.23718597073893727 0.3842558031459566
0 0.3882994267106208 0.224736834992674 0.13262203756341742 0.2593562571118021
1 0.7580922949258574 0.6257186040856393 0.27051305582799473 0.47878070914216886
0 0.29443722033027864 0.2859723404924676 0.14413704210912878 0.2780274305834684