0 0.3261065999870689 0.607448033081991 0.21837715344353228 0.4363116603314575
0 0.4436813747422827 0.2406649311667875 0.1292936966724857 0.2762066609978278
0 0.35183438357650315 0.4382807042593263 0.23293935808854715 0.36797629571439483
1 0.4020781800992076 0.08332401833362493 0.10001030646825153 0.16664803666724987
0 0.33206358772224726 0.23395273987915363 0.11103275101470528 0.21863764720678272
1 0.49035955903716144 0.15088398097935837 0.09740588192567709 0.30176796195871675
1 0.7352901953919811 0.5620317896447994 0.17389382980611073 0.3858753230956356
1 0.17344922478574423 0.5761721790301788 0.29040048405494173 0.6897143161259672
1 0.7169658206899271 0.8023849837349414 0.24763958687671989 0.38201063034855764
1 0.544823918430278 0.18958971596679125 0.14264382980611073 0.3791794319335825
1 0.7246500013045694 0.3969425526479321 0.16860055192632353 0.33862077959668596