0 0.36432291666666666 0.6462962962962963 0.16927083333333334 0.3962962962962963
0 0.4354166666666667 0.2587962962962963 0.09791666666666667 0.25277777777777777
0 0.36875 0.47453703703703703 0.19270833333333334 0.3212962962962963
1 0.3729166666666667 0.09490740740740741 0.078125 0.18796296296296297
0 0.32395833333333335 0.27870370370370373 0.08645833333333333 0.19814814814814816
1 0.4700520833333333 0.1527777777777778 0.059895833333333336 0.3037037037037037
1 0.7643229166666666 0.5046296296296297 0.1296875 0.35555555555555557
1 0.20911458333333333 0.6518518518518519 0.2109375 0.6407407407407407
1 0.7794270833333333 0.7847222222222222 0.19947916666666668 0.41574074074074074
1 0.52890625 0.18194444444444444 0.09739583333333333 0.3638888888888889
1 0.7333333333333333 0.3453703703703704 0.13020833333333334 0.3074074074074074