1 0.3736979166666667 0.09444444444444444 0.07135416666666666 0.18703703703703703
0 0.32786458333333335 0.26296296296296295 0.08489583333333334 0.23148148148148148
0 0.36354166666666665 0.6569444444444444 0.17083333333333334 0.41944444444444445
1 0.5317708333333333 0.1675925925925926 0.06354166666666666 0.3333333333333333
0 0.38203125 0.4791666666666667 0.1671875 0.325
1 0.2359375 0.6263888888888889 0.15416666666666667 0.6212962962962963
1 0.7638020833333333 0.7759259259259259 0.2328125 0.4351851851851852
1 0.4700520833333333 0.15462962962962962 0.06302083333333333 0.30925925925925923
0 0.4328125 0.2587962962962963 0.08125 0.24537037037037038
1 0.7786458333333334 0.5013888888888889 0.15 0.3416666666666667
1 0.71640625 0.3421296296296296 0.15572916666666667 0.32314814814814813