1 0.3702464527676714 0.15922295011755705 0.08316954274124863 0.20333182180345655
0 0.33509981826105784 0.3239170926385174 0.09968672918724468 0.2509704167837583
0 0.3950232679207109 0.7223074251131949 0.1974790716518811 0.45749638912307194
1 0.5321236834048085 0.24878571558715867 0.08403903347628384 0.3451143341782165
0 0.40251042130688963 0.5459529540412058 0.18772433319967163 0.3621608564390118
1 0.2659313413643795 0.6757478546585594 0.19302244496033977 0.6485042906828813
1 0.8013728565112266 0.8177886046711923 0.260287032509689 0.3644227906576155
1 0.4699510699191837 0.22853811685769387 0.08261047317170073 0.32373702986013697
0 0.43933345477543295 0.3295515568688051 0.09659342531467215 0.2633663235942384
1 0.7990263386650871 0.6053257478143458 0.1717285951639288 0.3753093404826881
1 0.7272918184692913 0.43964418953588236 0.17614760069617527 0.35760090218200224