1 0.18276842304355773 0.5535224032135773 0.303791541226776 0.7264239009994142
1 0.7162542504645003 0.48278742750310494 0.21763059376768865 0.39849716485301834
0 0.35983457356650644 0.21573968184632822 0.12406226403346897 0.2688901353819199
0 0.3258578873661859 0.6082344160379359 0.23788873329026775 0.4845714259010469
1 0.6910412949858485 0.8270839724733436 0.29063419905254145 0.34583205505331266
1 0.5676369807739631 0.21953150198803986 0.1204288232558144 0.35557693041238225
0 0.3618737345791799 0.4486859231100044 0.24237677256675336 0.4071708318226574
1 0.7487749532207447 0.6662895359455945 0.21201474758213432 0.41576645713184956
1 0.51179059711148 0.18371101625459774 0.1160021391103733 0.31930416914439047
0 0.45897028146302415 0.25936535448524817 0.12065006631598413 0.2751830250137073
1 0.4322691813184446 0.10260237693822227 0.10004497069644411 0.16506163158441797