1 0.2171875 0.6699074074074074 0.19583333333333333 0.6472222222222223
1 0.71796875 0.34675925925925927 0.1640625 0.32685185185185184
0 0.3296875 0.26296296296296295 0.08541666666666667 0.23333333333333334
0 0.3640625 0.6532407407407408 0.16979166666666667 0.41203703703703703
1 0.7661458333333333 0.7768518518518519 0.225 0.43333333333333335
1 0.5302083333333333 0.16712962962962963 0.06458333333333334 0.33240740740740743
0 0.37135416666666665 0.4837962962962963 0.18958333333333333 0.32314814814814813
1 0.78046875 0.5060185185185185 0.1546875 0.3490740740740741
1 0.46979166666666666 0.1537037037037037 0.06458333333333334 0.3074074074074074
0 0.4322916666666667 0.2569444444444444 0.08020833333333334 0.24166666666666667
1 0.3765625 0.09444444444444444 0.07083333333333333 0.18888888888888888