1 0.7171875 0.34953703703703703 0.16770833333333332 0.3287037037037037
1 0.21901041666666668 0.6513888888888889 0.18802083333333333 0.6287037037037037
0 0.3653645833333333 0.6620370370370371 0.1671875 0.4111111111111111
0 0.3328125 0.26342592592592595 0.08333333333333333 0.23425925925925925
1 0.7666666666666667 0.775 0.22395833333333334 0.43333333333333335
1 0.46796875 0.1537037037037037 0.06510416666666667 0.3074074074074074
1 0.53125 0.16805555555555557 0.058333333333333334 0.33240740740740743
0 0.4231770833333333 0.22962962962962963 0.06614583333333333 0.18333333333333332
1 0.7783854166666667 0.5027777777777778 0.15364583333333334 0.34444444444444444
1 0.37786458333333334 0.09675925925925925 0.0734375 0.1935185185185185
0 0.40989583333333335 0.4777777777777778 0.115625 0.3148148148148148