1 0.7616612860667985 0.37885932287469753 0.23582930148904827 0.4161778491577809
1 0.24051004569241055 0.49574676370199217 0.3185133043395085 0.7217773375502513
0 0.38543699895767397 0.5585816302152418 0.25252302980217406 0.4969939177543918
0 0.3857007706870897 0.1558312489736036 0.1319940654754331 0.27667920448462624
1 0.7706981068283417 0.7396285953646601 0.30363909436290487 0.4011281897813993
1 0.5298498482450557 0.13283816179714575 0.12844969649011137 0.2656763235942915
1 0.591108644001278 0.1565621290996837 0.12757713386513814 0.3131242581993674
0 0.478497037545205 0.15554506745306004 0.10426137762178449 0.21679106105534918
1 0.8099466063709907 0.5509832512018884 0.2249797350138304 0.424250669450059
1 0.4460125866943211 0.06169408843983447 0.1097335067219755 0.12338817687966894
0 0.4448796290363791 0.3939477309180401 0.18079006738992026 0.37369397868142123