0 0.3645833333333333 0.6652777777777777 0.171875 0.3972222222222222
1 0.7177083333333333 0.34629629629629627 0.16770833333333332 0.34074074074074073
1 0.7684895833333333 0.7768518518518519 0.22552083333333334 0.43333333333333335
1 0.20130208333333333 0.6648148148148149 0.16197916666666667 0.6425925925925926
0 0.38229166666666664 0.46620370370370373 0.16979166666666667 0.31203703703703706
0 0.32369791666666664 0.2625 0.0890625 0.22685185185185186
1 0.5315104166666667 0.16666666666666666 0.0578125 0.3296296296296296
0 0.42890625 0.23148148148148148 0.07447916666666667 0.1925925925925926
1 0.46328125 0.15648148148148147 0.0640625 0.3074074074074074
1 0.7778645833333333 0.5064814814814815 0.1484375 0.35
1 0.37473958333333335 0.0962962962962963 0.07447916666666667 0.1925925925925926