0 0.3562122495480892 0.7188528462330835 0.1883457506483026 0.4544864684828423
1 0.7219544300371247 0.5163051129874668 0.18191091334701687 0.3967717655231352
1 0.754448072961542 0.8520919945565801 0.24356620446040864 0.2958160108868398
1 0.1935200105745197 0.6584509383684721 0.18914267212761568 0.6830981232630557
0 0.3823754682563822 0.5275922043062085 0.18285864630319418 0.36827359873246907
0 0.33254398715325323 0.3069755158757366 0.0986923773081274 0.2563575068625717
1 0.5439706778567569 0.2787407175867032 0.07193326678196713 0.35008762119766806
0 0.4388530744872707 0.30988472545001655 0.08242836930675897 0.21706057359937778
1 0.476054954951388 0.24912573030729593 0.07705675676389064 0.3251893798369302
1 0.7750533267658344 0.694019893638533 0.16318212418486933 0.39955358256993984
1 0.39058694987688586 0.16833143032106415 0.0823677669128949 0.19854205508085926