1 0.22674681969511382 0.6051599713243547 0.24331046479010818 0.6587469940856127
1 0.7373827992643949 0.4755459338847026 0.20094259817447455 0.3752157657061732
0 0.3666533504935624 0.6421590571915053 0.21794527736319486 0.48197884066852215
1 0.768069929555429 0.8367277728123729 0.27011704481577065 0.32654445437525426
1 0.5614627411151452 0.20544687656911007 0.10294281457504037 0.31812031271554236
0 0.3671591880859688 0.2106141636460934 0.11451698453698426 0.34680373004841525
0 0.39932924623521854 0.46881052966615017 0.1991042078576323 0.36304935158983676
1 0.7781713745366926 0.6448115617984899 0.1660564898094279 0.3954313667235371
0 0.45925516387807463 0.24827531537769518 0.09271096871965341 0.21191787176349036
1 0.41962895438519754 0.1183831021623097 0.07571624210372836 0.1735439382403605
1 0.49744843446116377 0.19090471990512933 0.09385520225566092 0.30720199074766114