1 0.22447916666666667 0.6662037037037037 0.178125 0.5972222222222222
1 0.7177083333333333 0.3527777777777778 0.16666666666666666 0.31666666666666665
0 0.36432291666666666 0.6527777777777778 0.17239583333333333 0.4222222222222222
1 0.7776041666666667 0.7773148148148148 0.22916666666666666 0.3972222222222222
1 0.5270833333333333 0.14722222222222223 0.07083333333333333 0.29444444444444445
0 0.33671875 0.22268518518518518 0.0796875 0.3194444444444444
0 0.38515625 0.46805555555555556 0.16614583333333333 0.30462962962962964
1 0.76875 0.5069444444444444 0.128125 0.3509259259259259
0 0.42942708333333335 0.22685185185185186 0.07239583333333334 0.18703703703703703
1 0.3809895833333333 0.09537037037037037 0.05572916666666667 0.18888888888888888
1 0.4627604166666667 0.15138888888888888 0.06197916666666667 0.2953703703703704