0 0.3333333333333333 0.29907407407407405 0.12708333333333333 0.3388888888888889
0 0.5263020833333333 0.25462962962962965 0.10052083333333334 0.3055555555555556
1 0.39088541666666665 0.09722222222222222 0.0859375 0.19444444444444445
1 0.71328125 0.3541666666666667 0.1640625 0.30833333333333335
0 0.4083333333333333 0.6875 0.18333333333333332 0.5083333333333333
1 0.23307291666666666 0.6365740740740741 0.1671875 0.6527777777777778
1 0.8234375 0.7976851851851852 0.23958333333333334 0.4046296296296296
1 0.7096354166666666 0.27685185185185185 0.0703125 0.15925925925925927
1 0.5346354166666667 0.1050925925925926 0.0546875 0.20833333333333334
1 0.7760416666666666 0.4925925925925926 0.14583333333333334 0.37037037037037035
0 0.4296875 0.45787037037037037 0.128125 0.25277777777777777
0 0.4390625 0.26435185185185184 0.090625 0.24722222222222223
1 0.4630208333333333 0.10416666666666667 0.06666666666666667 0.20833333333333334