0 0.30919805523653765 0.32424859071777223 0.16566305734644496 0.38789996750189304
0 0.4969030895065012 0.20370843024147206 0.13517528971225895 0.34439326063232517
1 0.35043319068501105 0.10888060170590771 0.107919990015917 0.21776120341181543
1 0.6901223324893704 0.22591037673875644 0.1986326326642394 0.37248709516311035
0 0.414120316401747 0.6730748198419816 0.24115744960105848 0.5788557763362077
1 0.2368104640421107 0.6614056130134248 0.2410317937624376 0.6518583473196806
1 0.834033512318063 0.614542906682269 0.28479666272957876 0.49789232892660074
1 0.6803976357856368 0.15195367975226143 0.08840609818328507 0.18661339631771826
1 0.4932390793114275 0.08420423806987211 0.07810517471047831 0.16840847613974422
1 0.7630910736581412 0.33556507664023844 0.18774474004418973 0.4269265591228234
0 0.41713207344715036 0.44035002663628636 0.15671629170907575 0.30296134814081654
0 0.4112979280428667 0.2477292339665977 0.1188707215943135 0.2818749035960213
1 0.42260829104783076 0.09956430272957838 0.0903753477895762 0.19912860545915675