0 0.39808374331848245 0.6291184088302496 0.26282248905258854 0.5773863875983826
1 0.8041968500422759 0.5804479574536807 0.20601685064618186 0.41763153542930115
1 0.5148171655738532 0.11843617197604155 0.10255099781437298 0.2368723439520831
1 0.5796270102381453 0.13297409524775097 0.09655536550485427 0.2564066825093805
1 0.8309665978566488 0.8219772586942554 0.2976124183826622 0.34269679532301955
0 0.47389911550485414 0.2508016344368814 0.12898594177312242 0.29653393633256153
0 0.46231248173825074 0.4260224964945195 0.13295395346835265 0.27436558290488516
1 0.41488497624526866 0.08288529632820761 0.11935328582387067 0.16577059265641522
0 0.364691253661988 0.22691671848398115 0.166227541431851 0.29229216202366215
0 0.5664185032977168 0.26513132143065166 0.1533932651175834 0.34213055564002454
1 0.749840338097773 0.4188795789291928 0.21697854655092358 0.3622214256190196
1 0.2319701711914716 0.5567196542665526 0.305637470781201 0.6916523580490926