0 0.37942708333333336 0.6768518518518518 0.17760416666666667 0.524074074074074
1 0.77578125 0.4949074074074074 0.1453125 0.3731481481481482
1 0.4669270833333333 0.11898148148148148 0.06510416666666667 0.2361111111111111
1 0.5317708333333333 0.12129629629629629 0.057291666666666664 0.24074074074074073
1 0.8221354166666667 0.7930555555555555 0.24010416666666667 0.3990740740740741
0 0.43411458333333336 0.27361111111111114 0.08489583333333334 0.2712962962962963
0 0.43203125 0.4527777777777778 0.09322916666666667 0.2462962962962963
1 0.3645833333333333 0.09722222222222222 0.090625 0.19444444444444445
0 0.3255208333333333 0.28564814814814815 0.125 0.25277777777777777
0 0.52578125 0.25787037037037036 0.10260416666666666 0.31203703703703706
1 0.7140625 0.3509259259259259 0.16666666666666666 0.30925925925925923
1 0.2125 0.6592592592592592 0.203125 0.6314814814814815