1 0.2878348674431034 0.6748677890842468 0.23186557313338163 0.6410843506470365
1 0.8058306574558645 0.4170979357958921 0.1956372012975997 0.3904701909551177
0 0.44240737948309505 0.6881636070274318 0.21793834771325724 0.5399321553609302
0 0.3390726685492479 0.3230276532025143 0.15940207606892423 0.29786612265341716
1 0.3790719773452467 0.1018942696052933 0.10018940748777042 0.20362499615093735
0 0.5117728805041505 0.2508658735028903 0.1505005635396754 0.3363994454048794
1 0.7192133597851549 0.290355583702589 0.18713476392257272 0.3560169865299894
0 0.4612689715167029 0.4630470776868115 0.12484444601148953 0.2940216464633594
1 0.44499459536268965 0.08936732287401858 0.08567371384811912 0.17873464574803716
0 0.44218751922995364 0.27204540019755474 0.11712664254414212 0.2873138956216973
1 0.5183982755158486 0.09817755820395248 0.08575488436503065 0.19635511640790496
1 0.8707572555041504 0.7235726279563134 0.2584854889916992 0.44234030783713785