1 0.23489583333333333 0.6430555555555556 0.16041666666666668 0.6157407407407407
1 0.7786458333333334 0.4842592592592593 0.153125 0.362962962962963
0 0.38697916666666665 0.6837962962962963 0.15833333333333333 0.5120370370370371
0 0.3260416666666667 0.3050925925925926 0.12708333333333333 0.275
1 0.39114583333333336 0.09490740740740741 0.078125 0.18981481481481483
0 0.5057291666666667 0.2662037037037037 0.11354166666666667 0.31574074074074077
1 0.70703125 0.3435185185185185 0.1484375 0.3296296296296296
0 0.43125 0.46574074074074073 0.09270833333333334 0.2777777777777778
1 0.45859375 0.09027777777777778 0.06510416666666667 0.17685185185185184
0 0.434375 0.2740740740740741 0.08541666666666667 0.2722222222222222
1 0.5309895833333333 0.10601851851851851 0.06197916666666667 0.20833333333333334
1 0.8231770833333333 0.8009259259259259 0.24166666666666667 0.39814814814814814