1 0.4267039899494044 0.09358932593060805 0.09971702010119117 0.17142688318362184
0 0.4555797473513845 0.2660273549755639 0.11540036991091078 0.3105743510384903
1 0.5000305158049371 0.11131756812123347 0.09264730172345909 0.20367267873729195
1 0.5604547035489845 0.16907578324723951 0.1073968689223276 0.3020794058514198
0 0.43144722757972104 0.4322738308225136 0.12105614461309647 0.2847777145955543
0 0.33956570220608623 0.6443634410731274 0.25365551188778546 0.573496163613627
1 0.7647965124724788 0.8381345027936664 0.2889749288715862 0.3237309944126672
1 0.7165716440816238 0.4395615523728135 0.21207109916305786 0.3718052749133445
1 0.7653712646268026 0.5952739814224829 0.20435321345960347 0.39848474078787666
0 0.35061458463905054 0.23050687455498595 0.15774615120365093 0.34106591055471885
1 0.20879054608430675 0.5527271506707045 0.2725929680853854 0.6729150096423407