1 0.38307291666666665 0.09537037037037037 0.0765625 0.19074074074074074
0 0.4359375 0.2740740740740741 0.07916666666666666 0.28703703703703703
1 0.4588541666666667 0.09953703703703703 0.06770833333333333 0.19907407407407407
1 0.5260416666666666 0.14212962962962963 0.071875 0.28055555555555556
0 0.43385416666666665 0.4444444444444444 0.08854166666666667 0.2574074074074074
0 0.37161458333333336 0.6837962962962963 0.1890625 0.5138888888888888
1 0.8216145833333334 0.7944444444444444 0.24322916666666666 0.39444444444444443
1 0.7140625 0.3490740740740741 0.17291666666666666 0.3148148148148148
1 0.78203125 0.48333333333333334 0.1609375 0.34629629629629627
0 0.32864583333333336 0.2773148148148148 0.11979166666666667 0.30277777777777776
1 0.23151041666666666 0.6416666666666667 0.1953125 0.6129629629629629