1 0.70625 0.14814814814814814 0.0625 0.12962962962962962
0 0.66328125 0.47175925925925927 0.1203125 0.5583333333333333
1 0.4109375 0.8796296296296297 0.16145833333333334 0.2351851851851852
1 0.290625 0.22916666666666666 0.075 0.31203703703703706
1 0.47760416666666666 0.3189814814814815 0.184375 0.5064814814814815
1 0.8278645833333333 0.7046296296296296 0.17239583333333333 0.29444444444444445
1 0.7401041666666667 0.3087962962962963 0.08020833333333334 0.24351851851851852
1 0.81328125 0.46111111111111114 0.0953125 0.2777777777777778
0 0.7229166666666667 0.712037037037037 0.15104166666666666 0.562962962962963
0 0.8263020833333333 0.8398148148148148 0.1890625 0.3111111111111111
0 0.5330729166666667 0.24537037037037038 0.0859375 0.4722222222222222