1 0.7257930710088615 0.0889615071722933 0.07610583634837056 0.1546976255246088
0 0.6486939032118941 0.4092552762372314 0.18018984019220455 0.6077629182255687
1 0.3568645976567896 0.7942843197256804 0.18617723692109228 0.30085289159802386
1 0.3084930661090877 0.15141470320779193 0.10810018430531075 0.30282940641558387
1 0.48263289122610653 0.2648360124826618 0.2385276028938944 0.5296720249653236
1 0.7854879243942217 0.6580313424777806 0.20360375433394678 0.36439424336263326
1 0.741959943841888 0.25281031191970077 0.10613489258219673 0.2764216272281478
1 0.7973951419048281 0.41239486287432375 0.12496235036897001 0.31713886293174176
0 0.6825348098532238 0.6242734508453248 0.20944503806653594 0.5625423915107812
0 0.770709839251866 0.7460461421007982 0.21912843019715353 0.2930744420291898
0 0.5450569005355412 0.21199569519978137 0.13628713930283637 0.42399139039956274