1 0.8786458333333333 0.6299240551749967 0.2078125 0.345959640246762
0 0.6072916666666667 0.15853161661110557 0.0859375 0.2937830870973104
1 0.7747395833333334 0.26123720863171107 0.16041666666666668 0.32685188603843607
1 0.8205729166666667 0.5137504263773431 0.20104166666666667 0.38899715684133973
1 0.421875 0.074055996653189 0.09479166666666666 0.148111993306378
0 0.5760416666666667 0.08586754667800399 0.06458333333333334 0.17173509335600798
1 0.6794270833333333 0.061282400047262216 0.0921875 0.12256480009452443
0 0.6640625 0.2666424751234772 0.18489583333333334 0.36434587874920765
1 0.7192708333333333 0.13977265695713917 0.11875 0.27954531391427834
1 0.2796875 0.6122534276489556 0.2125 0.703415148701228
0 0.71953125 0.563912785572789 0.24427083333333333 0.5470539241107164
1 0.3854166666666667 0.586580004443488 0.19270833333333334 0.7067099977782559