1 0.8653645833333333 0.8587962962962963 0.19739583333333333 0.27870370370370373
0 0.6153645833333333 0.2986111111111111 0.07552083333333333 0.2675925925925926
1 0.7770833333333333 0.4564814814814815 0.15 0.2759259259259259
1 0.8125 0.7236111111111111 0.18854166666666666 0.325
1 0.43723958333333335 0.10648148148148148 0.08697916666666666 0.2111111111111111
0 0.5893229166666667 0.16574074074074074 0.0546875 0.2518518518518518
1 0.6924479166666667 0.1787037037037037 0.08489583333333334 0.18703703703703703
0 0.6674479166666667 0.425 0.1734375 0.3055555555555556
1 0.7276041666666667 0.3013888888888889 0.10833333333333334 0.27314814814814814
1 0.2734375 0.6504629629629629 0.1875 0.6527777777777778
0 0.7106770833333333 0.7402777777777778 0.2265625 0.46944444444444444
1 0.37890625 0.6606481481481481 0.1671875 0.6638888888888889