0 0.591943847270342 0.22577799746292768 0.07810348056602881 0.2587593348089176
1 0.7778796462145758 0.5722511001125962 0.14074953313568936 0.37876340625778654
1 0.8074392109673544 0.8398013614970989 0.2193953664690227 0.3203972770058021
1 0.5049109866811169 0.33678695104164097 0.11502051901044817 0.5450182093560599
1 0.29938243387616603 0.6452036601256869 0.2467553943900981 0.6644846277642497
0 0.6623358637911285 0.5029151563079282 0.14243851033511135 0.36687728358209915
1 0.9319639849272263 0.8305790224684767 0.13607203014554728 0.33884195506304665
1 0.7041353595475764 0.24037112586695383 0.07088789462538851 0.21297394994483562
1 0.7507872542200232 0.3638352406449924 0.1080742700520967 0.23783717349067712
0 0.7064661627588914 0.7865806769627067 0.21459631380524608 0.4268386460745866
0 0.6309804200097446 0.35469470190442354 0.09068934897717469 0.2781456109051966
1 0.5164736534183708 0.20599322860248773 0.09664578579005424 0.3330770692575256