0 0.5765625 0.17592592592592593 0.0625 0.24814814814814815
1 0.7611979166666667 0.4925925925925926 0.11822916666666666 0.3592592592592593
1 0.7903645833333334 0.8037037037037037 0.19635416666666666 0.3814814814814815
1 0.48932291666666666 0.30185185185185187 0.08177083333333333 0.5314814814814814
1 0.2828125 0.6453703703703704 0.20729166666666668 0.6296296296296297
0 0.6458333333333334 0.4425925925925926 0.12083333333333333 0.34629629629629627
1 0.9296875 0.7810185185185186 0.140625 0.4287037037037037
1 0.6885416666666667 0.17175925925925925 0.058333333333333334 0.20277777777777778
1 0.7346354166666667 0.287962962962963 0.09427083333333333 0.2222222222222222
0 0.6890625 0.7287037037037037 0.18854166666666666 0.412962962962963
0 0.6151041666666667 0.2986111111111111 0.07395833333333333 0.2657407407407407
1 0.5013020833333334 0.1685185185185185 0.0765625 0.32037037037037036