1 0.2565104166666667 0.6819444444444445 0.18802083333333333 0.6046296296296296
1 0.44895833333333335 0.7194444444444444 0.19895833333333332 0.5462962962962963
1 0.7278645833333334 0.29305555555555557 0.08697916666666666 0.21574074074074073
0 0.6609375 0.44166666666666665 0.146875 0.35555555555555557
0 0.59375 0.16805555555555557 0.06354166666666666 0.24722222222222223
0 0.6119791666666666 0.2967592592592593 0.07083333333333333 0.2564814814814815
0 0.7041666666666667 0.7268518518518519 0.21979166666666666 0.40555555555555556
1 0.7609375 0.48935185185185187 0.125 0.38796296296296295
1 0.48411458333333335 0.17824074074074073 0.09947916666666666 0.35648148148148145
1 0.8065104166666667 0.7638888888888888 0.22864583333333333 0.45925925925925926
1 0.6809895833333334 0.1550925925925926 0.0953125 0.16574074074074074
1 0.92421875 0.8046296296296296 0.1515625 0.3851851851851852