1 0.21286769855833867 0.5818433342172229 0.2617713410977822 0.6833663472651539
1 0.3972521944679817 0.6257806183226164 0.26562486161916904 0.6290759352822407
1 0.722301554839365 0.2056428977498527 0.11329438047684164 0.2522131681866122
0 0.6387618150307932 0.3528191223647179 0.19053920216282877 0.4170084119739595
0 0.6058693093456505 0.10639225366379383 0.09382245978908325 0.21278450732758766
0 0.6080552747506112 0.2059027015566558 0.10221842235147278 0.28681723681472154
0 0.6465743842212086 0.6410810311894192 0.26946356711009944 0.4959344435605548
1 0.7309728182892931 0.40389395635649156 0.17215757002193613 0.4401621518442412
1 0.4966714896007759 0.14085230698292237 0.1420736874651149 0.28170461396584473
1 0.7445845908906593 0.6406460268371242 0.2806507763447236 0.47327009323312563
1 0.6930532671243564 0.08390037507091208 0.1154535427064881 0.16780075014182416
1 0.8557054671386133 0.6753517420934362 0.19351752884063156 0.3460513333243796