0 0.5036458333333333 0.4337962962962963 0.13854166666666667 0.5268518518518519
0 0.49609375 0.1925925925925926 0.1078125 0.28703703703703703
1 0.71953125 0.3638888888888889 0.12239583333333333 0.28703703703703703
1 0.68359375 0.17824074074074073 0.08802083333333334 0.19166666666666668
1 0.721875 0.7546296296296297 0.196875 0.46111111111111114
1 0.4401041666666667 0.07314814814814814 0.06770833333333333 0.14629629629629629
0 0.40911458333333334 0.6657407407407407 0.17864583333333334 0.6481481481481481
1 0.7955729166666666 0.7754629629629629 0.21197916666666666 0.43425925925925923
1 0.3684895833333333 0.34629629629629627 0.08489583333333334 0.362962962962963
1 0.5903645833333333 0.7680555555555556 0.1890625 0.4527777777777778
0 0.6270833333333333 0.3236111111111111 0.11666666666666667 0.3972222222222222
1 0.7825520833333334 0.49953703703703706 0.14947916666666666 0.3527777777777778
0 0.42265625 0.1912037037037037 0.07864583333333333 0.31574074074074077