0 0.5370086702748783 0.5214138525903829 0.23037697499093426 0.5993405701604666
0 0.5437186219943865 0.2859825196267638 0.15800315906350212 0.34344955617154654
1 0.7572241926398893 0.569421922226988 0.1723941097987075 0.35133896197665926
1 0.7321593793464387 0.3722671034681551 0.12136187916314115 0.23834966118177361
1 0.733605878786473 0.8310659225975997 0.27186384043427364 0.33786815480480054
1 0.49541569289100146 0.15373410316045877 0.09187305244866953 0.1582746681455238
0 0.42883634153405953 0.6614586000490459 0.2919056259691935 0.6770827999019081
1 0.8048614951463003 0.8655053620503028 0.28039427438128517 0.26898927589939425
1 0.40711399815695043 0.3655390022794061 0.14834815943009735 0.406942885560862
1 0.6025216768259256 0.8057920011088436 0.2652822443553681 0.3884159977823128
0 0.6671951370650865 0.4815916123732045 0.1859263404342736 0.4581046621060592
1 0.8120211007869031 0.7330038443320341 0.21114845293477724 0.43111800332742867
0 0.47043441409042647 0.24585643039290797 0.13404325305831874 0.35689308165381534