0 0.55625 0.6930555555555555 0.209375 0.5990740740740741
0 0.603125 0.17407407407407408 0.08802083333333334 0.2101851851851852
0 0.6205729166666667 0.2657407407407407 0.0796875 0.26296296296296295
1 0.7369791666666666 0.29212962962962963 0.09270833333333334 0.19907407407407407
1 0.7020833333333333 0.17083333333333334 0.06354166666666666 0.15833333333333333
1 0.4479166666666667 0.11574074074074074 0.075 0.19814814814814816
1 0.77890625 0.46574074074074073 0.12135416666666667 0.28703703703703703
1 0.8080729166666667 0.7972222222222223 0.14427083333333332 0.37037037037037035
1 0.3234375 0.9 0.19479166666666667 0.19814814814814816
0 0.6859375 0.43148148148148147 0.20208333333333334 0.3277777777777778
1 0.6567708333333333 0.7578703703703704 0.20729166666666668 0.47314814814814815
0 0.421875 0.7347222222222223 0.19375 0.5157407407407407
1 0.3138020833333333 0.524537037037037 0.1359375 0.5212962962962963