0 0.5543574381630844 0.6663492130251603 0.2228301822111561 0.6216084629380839
0 0.609965873340175 0.14903377496383 0.0928935178885169 0.22050942036871973
0 0.6258938853094957 0.24081811677201934 0.08577153792466988 0.2719840885211835
1 0.7418899013449644 0.2686198864173251 0.09702382311886523 0.20961384280011616
1 0.7089348120924347 0.14715559407001702 0.06719693761297757 0.1654855737171574
1 0.4558384246025711 0.09641271964695637 0.07930942954614544 0.19282543929391274
1 0.7810072907533403 0.4425521270750564 0.12804691139577262 0.3010182174909239
1 0.8044848768171481 0.7719491898396341 0.15278363823636218 0.3809881807568592
1 0.3185339149054777 0.8725622230439438 0.19912533717035774 0.22044997014710613
0 0.6886894956065324 0.40750599188822056 0.20944538726073983 0.3505914919401911
1 0.6540562885075085 0.7283329793274228 0.2182241481889747 0.4871336701363172
0 0.4195752343182463 0.7080493336860637 0.20537300155846067 0.5383119796678332
1 0.31522035297670276 0.49674406388927167 0.14756656179784713 0.537173303617393