1 0.6872395833333333 0.1875 0.0734375 0.18981481481481483
1 0.7348958333333333 0.30462962962962964 0.08541666666666667 0.24259259259259258
0 0.5916666666666667 0.17824074074074073 0.06145833333333333 0.21944444444444444
0 0.6231770833333333 0.27037037037037037 0.08385416666666666 0.2759259259259259
1 0.33177083333333335 0.6157407407407407 0.23020833333333332 0.5185185185185185
1 0.43723958333333335 0.38101851851851853 0.13072916666666667 0.5435185185185185
0 0.2203125 0.7203703703703703 0.20625 0.5148148148148148
1 0.7921875 0.7935185185185185 0.16979166666666667 0.3962962962962963
1 0.6213541666666667 0.8564814814814815 0.184375 0.2796296296296296
0 0.6497395833333334 0.4375 0.12864583333333332 0.3287037037037037
1 0.44973958333333336 0.11990740740740741 0.08802083333333334 0.23981481481481481
1 0.7747395833333334 0.4601851851851852 0.10989583333333333 0.2759259259259259
0 0.6825520833333333 0.7166666666666667 0.1703125 0.387037037037037