1 0.69609375 0.24877000780159336 0.07916666666666666 0.2012110712618016
1 0.7403645833333333 0.3728146979930735 0.0921875 0.25572312611114756
0 0.6010416666666667 0.22435052591988602 0.06770833333333333 0.22920342595734
0 0.6296875 0.3210363058477065 0.09166666666666666 0.28902412539865513
1 0.32864583333333336 0.6204027829160118 0.2453125 0.55411822447279
1 0.44088541666666664 0.40283373275441153 0.14635416666666667 0.5637154965066492
0 0.21432291666666667 0.7072869413387538 0.22135416666666666 0.5470753028092527
1 0.7828125 0.82889338085858 0.18125 0.34221323828284
1 0.6106770833333334 0.8752322778971513 0.1921875 0.24953544420569748
0 0.6513020833333333 0.4918226131939171 0.13802083333333334 0.34838333695862334
1 0.4609375 0.14806007500018217 0.09479166666666666 0.24477368522916493
1 0.7755208333333333 0.533793542382604 0.11770833333333333 0.2934186054677176
0 0.6760416666666667 0.775302924815082 0.18125 0.41403002572511866