1 0.3328125 0.6046296296296296 0.21458333333333332 0.5407407407407407
1 0.2635416666666667 0.788425925925926 0.20833333333333334 0.41203703703703703
1 0.69375 0.8675925925925926 0.19270833333333334 0.2537037037037037
0 0.6809895833333334 0.6944444444444444 0.17239583333333333 0.34074074074074073
0 0.6645833333333333 0.4361111111111111 0.159375 0.3296296296296296
1 0.815625 0.7893518518518519 0.11875 0.36944444444444446
1 0.6825520833333333 0.17777777777777778 0.0828125 0.1925925925925926
0 0.21875 0.638425925925926 0.21510416666666668 0.36944444444444446
1 0.44609375 0.16435185185185186 0.0921875 0.3287037037037037
1 0.7341145833333333 0.2773148148148148 0.09010416666666667 0.20833333333333334
0 0.5934895833333333 0.17824074074074073 0.06614583333333333 0.21574074074074073
1 0.7692708333333333 0.46435185185185185 0.11979166666666667 0.30277777777777776
0 0.6213541666666667 0.25601851851851853 0.08125 0.23981481481481481