1 0.31697189385329166 0.6563937555491347 0.22875012351660687 0.5741160457154452
1 0.2428858073497875 0.8035979310365429 0.21912823338736884 0.39280413792691427
1 0.6710200643806039 0.9168284708630716 0.1993550807823349 0.16634305827385665
0 0.6627959315568689 0.8003624329260607 0.18132285180498517 0.36755439595100076
0 0.6531577200177137 0.5394773469065546 0.1680109200432284 0.35441808429530797
1 0.7949448824807521 0.8611266386294637 0.12842902274507917 0.2777467227410726
1 0.6778945084785585 0.2839387903247439 0.08785820609267271 0.20547286805613144
0 0.2020239694668371 0.6724492950748964 0.22478318941174572 0.402900757440932
1 0.4417879190795701 0.23373522250921658 0.10079916184085984 0.34304212355934127
1 0.7268492517239319 0.391495621518324 0.09556226219960612 0.2223477211018378
0 0.5888198793773741 0.27054938156276886 0.07179799448522152 0.22602875950721515
1 0.7571053448454708 0.5840007000257312 0.1277240988412051 0.3214096227879281
0 0.6146467737117436 0.3526610885059513 0.08753287441347245 0.25245206621300376