0 0.6923515163294159 0.5941434925526016 0.14835387234186376 0.3199267239040818
1 0.864329990051245 0.676886098134255 0.18733805463867484 0.38031732996424406
1 0.7218066053286575 0.23905792954208066 0.17280195795802294 0.3687698422299275
0 0.41142205519654396 0.6960397152523563 0.23427829212428933 0.5907564223158737
0 0.5436040155710542 0.7688914480581582 0.2522060380419354 0.4378123371784905
1 0.6534183429479339 0.11691672835860333 0.11415166335041486 0.23383345671720665
1 0.7926887130069719 0.3787124151128555 0.19554521853921827 0.3898190206808397
1 0.7526196253907919 0.7294915904368621 0.23030711217713484 0.41216585329226013
1 0.41104885685312165 0.4670450937998489 0.22102066045063004 0.5847968143314242
1 0.26128188293079985 0.8870560228502397 0.2241419699891108 0.21871198316236473
1 0.4092775641787039 0.10840185690450937 0.11023733554932823 0.21680371380901875
0 0.5203284609323794 0.39411771741833884 0.20619991370005078 0.517758419430175
0 0.5808494110675892 0.1683328042397784 0.1239219423278783 0.30807215632380586