0 0.65234375 0.6643518518518519 0.10885416666666667 0.2861111111111111
1 0.809375 0.8027777777777778 0.140625 0.337037037037037
1 0.7307291666666667 0.3296296296296296 0.12708333333333333 0.3296296296296296
0 0.36041666666666666 0.6944444444444444 0.153125 0.6
0 0.48125 0.7958333333333333 0.19791666666666666 0.4009259259259259
1 0.6809895833333334 0.18611111111111112 0.08489583333333334 0.2111111111111111
1 0.7807291666666667 0.48935185185185187 0.14791666666666667 0.3435185185185185
1 0.6927083333333334 0.8162037037037037 0.18125 0.35462962962962963
1 0.39427083333333335 0.44583333333333336 0.14583333333333334 0.5416666666666666
1 0.18307291666666667 0.8606481481481482 0.19114583333333332 0.275
1 0.4427083333333333 0.0962962962962963 0.08333333333333333 0.1925925925925926
0 0.51171875 0.41203703703703703 0.14010416666666667 0.4759259259259259
0 0.60234375 0.21342592592592594 0.08489583333333334 0.2824074074074074