1 0.32734375 0.5541666666666667 0.18489583333333334 0.6583333333333333
1 0.45338541666666665 0.10648148148148148 0.06770833333333333 0.19074074074074074
0 0.6299479166666667 0.2847222222222222 0.09427083333333333 0.2601851851851852
1 0.7739583333333333 0.4648148148148148 0.14791666666666667 0.3
0 0.5940104166666667 0.18333333333333332 0.0671875 0.22037037037037038
1 0.21901041666666668 0.9513888888888888 0.11614583333333334 0.09537037037037037
1 0.73046875 0.29768518518518516 0.0953125 0.1935185185185185
1 0.68359375 0.18194444444444444 0.07135416666666666 0.21203703703703702
0 0.66953125 0.45231481481481484 0.16927083333333334 0.32314814814814813
0 0.26979166666666665 0.7194444444444444 0.15625 0.5333333333333333
1 0.6364583333333333 0.7717592592592593 0.2375 0.44907407407407407
0 0.5091145833333334 0.7 0.17135416666666667 0.5648148148148148
1 0.8143229166666667 0.7861111111111111 0.18177083333333333 0.40925925925925927
0 0.42734375 0.29907407407407405 0.1109375 0.49074074074074076