1 0.3165560441412507 0.5033587193399358 0.25790204974882774 0.7081035495375759
1 0.49053563745937595 0.10601652701051185 0.08872039174791482 0.20273530008240434
0 0.6435859914007532 0.33495279254115773 0.12289681494659514 0.28640800682137674
1 0.7641751902220425 0.5579968225503363 0.18057693041238235 0.34255073223748234
0 0.6198837223323271 0.2235777243367718 0.09139475846734323 0.23886795871133376
1 0.16512583507136197 0.8597234569027488 0.12555915830905845 0.1309063200603671
1 0.7405299703969977 0.3794813509574116 0.11662765245873269 0.22153932321201605
1 0.7079934799860782 0.2508823827329407 0.09491935418301599 0.2314982594601085
0 0.6633401159280053 0.5125019366122472 0.20449938088302416 0.3724227714425684
0 0.24126766657910087 0.6475119636237008 0.21510992733314657 0.5752759655327104
1 0.5948524428833977 0.7783500216804906 0.284939042535126 0.4432999566390187
0 0.4776434318866033 0.6996352355477462 0.23385435387487022 0.6007295289045077
1 0.7677547376841676 0.8280115742852465 0.22449363213666515 0.34397685142950707
0 0.44360036326665014 0.28426503940030284 0.16576314520069294 0.5192194301878782