1 0.7002604166666667 0.17314814814814813 0.06927083333333334 0.1574074074074074
0 0.7098958333333333 0.7342592592592593 0.21041666666666667 0.3962962962962963
1 0.7278645833333334 0.28379629629629627 0.10260416666666666 0.22685185185185186
0 0.4044270833333333 0.18009259259259258 0.0546875 0.30092592592592593
0 0.6458333333333334 0.49027777777777776 0.11979166666666667 0.4046296296296296
1 0.7622395833333333 0.4962962962962963 0.13697916666666668 0.3851851851851852
1 0.3502604166666667 0.6162037037037037 0.23385416666666667 0.4898148148148148
1 0.46041666666666664 0.33194444444444443 0.11041666666666666 0.5472222222222223
1 0.29192708333333334 0.8421296296296297 0.20572916666666666 0.30833333333333335
1 0.7794270833333333 0.8074074074074075 0.2078125 0.37037037037037035
0 0.225 0.6912037037037037 0.21770833333333334 0.33796296296296297
1 0.44453125 0.0712962962962963 0.044270833333333336 0.14074074074074075
0 0.6278645833333333 0.29259259259259257 0.0953125 0.2814814814814815
0 0.5880208333333333 0.18425925925925926 0.06979166666666667 0.20925925925925926