1 0.6747324442024357 0.16164704812041047 0.08356309597948032 0.17732411053423147
0 0.7374332121047864 0.7176627832209357 0.24685759039296234 0.4568376231386272
1 0.7123521161474751 0.26628380270231566 0.12336260292937454 0.2561696476542779
0 0.3835954092767231 0.22661188019825615 0.08269614660840692 0.31512542334031374
0 0.6511833814328083 0.48746659898407935 0.15756776985984874 0.43834170477863993
1 0.7664370912287233 0.47076246960347795 0.17242946129119474 0.42430819905541484
1 0.3716139877052263 0.6709854079345291 0.278672322160297 0.5565483894699549
1 0.45327864451900496 0.3666749034916708 0.16140347519098294 0.5773114187459691
1 0.3348438555242229 0.8613664445419865 0.2328381123865513 0.277267110916027
1 0.8128140835528029 0.7766080378858502 0.24174575873115056 0.43066922197738033
0 0.2551048797391177 0.7699622362584707 0.24855247492717533 0.40141677604713893
1 0.41292076209636286 0.11063578917446998 0.05714256175762481 0.1528288777454113
0 0.6147206020936139 0.2945386269403154 0.12162225428853901 0.3088127169679885
0 0.5652126916951533 0.19483776897925667 0.08908410460089632 0.22849251169547835