0 0.6555283093330326 0.47547236914439683 0.16632033896831047 0.45424435598933155
1 0.7516519301854284 0.43997096906894795 0.17582825132905125 0.4248194347077692
1 0.34926230290538224 0.6667684990451679 0.2516049642214123 0.565238249145371
1 0.6445024678315742 0.15033230553782448 0.09439423600520863 0.21022957908385084
1 0.4223551463713079 0.16471323624958456 0.08844729926504631 0.2332484377490092
0 0.2645493962119217 0.7775014793243225 0.25474078033104186 0.4449970413513551
1 0.5524249769173267 0.786480350472671 0.21300137848201406 0.42703929905465815
1 0.27465846251111153 0.8904242014993932 0.23207607396111124 0.21915159700121362
1 0.8123262183054749 0.739293496687587 0.2337377315721992 0.43342276983283257
0 0.4016807123538543 0.29573143041701916 0.13119461303108818 0.4757339378079447
1 0.46741764570571787 0.5641485678147558 0.23680211892023167 0.4288577849446978
0 0.6423416444714469 0.26368281259867304 0.17965461619752338 0.3193716203880384
0 0.7281808931725696 0.6954346202229684 0.2374441775575003 0.43812781832753955
0 0.5607576216752431 0.1768330253199938 0.0922022353719214 0.24165718994741986