0 0.6510416666666666 0.5041666666666667 0.125 0.4212962962962963
1 0.7497395833333333 0.49398148148148147 0.13802083333333334 0.38796296296296295
1 0.32864583333333336 0.6134259259259259 0.20208333333333334 0.5101851851851852
1 0.6729166666666667 0.18101851851851852 0.07604166666666666 0.18981481481481483
1 0.4515625 0.13796296296296295 0.0671875 0.21574074074074073
0 0.23333333333333334 0.7013888888888888 0.21770833333333334 0.3861111111111111
1 0.51640625 0.7944444444444444 0.17447916666666666 0.4
1 0.22786458333333334 0.8652777777777778 0.20885416666666667 0.262037037037037
1 0.7794270833333333 0.8041666666666667 0.19739583333333333 0.3787037037037037
0 0.41796875 0.26157407407407407 0.0859375 0.4546296296296296
1 0.4557291666666667 0.5430555555555555 0.20104166666666667 0.3731481481481482
0 0.659375 0.29212962962962963 0.153125 0.27685185185185185
0 0.70078125 0.7393518518518518 0.20052083333333334 0.3824074074074074
0 0.5872395833333334 0.18564814814814815 0.0703125 0.22314814814814815