1 0.46703372153776823 0.20648326821232899 0.08468255692446351 0.24360412008167315
1 0.7175991838505984 0.4399676083268374 0.11096728209042889 0.28752866333998334
0 0.5805861305826047 0.2948844536154654 0.07758434137714497 0.22560146348026208
0 0.6198734901420898 0.4109249162790805 0.09883104010596781 0.30358073890205056
0 0.6385168298595817 0.5930703534589074 0.13266867833867527 0.38865608690992
1 0.6729555095903741 0.303815211160034 0.08049108656782143 0.2151069631082638
1 0.7478943080207718 0.6411433866732633 0.13878640671085637 0.4359800677714043
0 0.6965963402373734 0.8280987836396079 0.22631616672321211 0.34380243272078426
1 0.21458575629934054 0.770097292152966 0.17366571161023062 0.459805415694068
0 0.4057448543281802 0.3454361640451862 0.0903621382892529 0.47992076810582196
1 0.3491517182184619 0.917358780796367 0.21675596878180675 0.165282438407266
1 0.7654934918713702 0.861655519916369 0.21667496400075617 0.276688960167262
1 0.4953108074160723 0.6168664166811264 0.1688972068291799 0.701098138869492