1 0.4734375 0.11296296296296296 0.078125 0.22592592592592592
1 0.7255208333333333 0.30416666666666664 0.103125 0.2638888888888889
0 0.5872395833333334 0.1824074074074074 0.07135416666666666 0.20925925925925926
0 0.6276041666666666 0.2912037037037037 0.090625 0.2824074074074074
0 0.6479166666666667 0.4699074074074074 0.121875 0.36018518518518516
1 0.6794270833333333 0.17592592592592593 0.07447916666666667 0.19814814814814816
1 0.7575520833333333 0.49953703703703706 0.1265625 0.4064814814814815
0 0.70859375 0.736574074074074 0.21510416666666668 0.3787037037037037
1 0.22708333333333333 0.7490740740740741 0.159375 0.48703703703703705
0 0.41328125 0.26157407407407407 0.0765625 0.462037037037037
1 0.36302083333333335 0.8888888888888888 0.21041666666666667 0.21296296296296297
1 0.778125 0.7976851851851852 0.20520833333333333 0.39166666666666666
1 0.5052083333333334 0.5171296296296296 0.14895833333333333 0.6657407407407407