1 0.2643229166666667 0.7787037037037037 0.21927083333333333 0.42962962962962964
0 0.4075520833333333 0.2861111111111111 0.07552083333333333 0.4777777777777778
1 0.5161458333333333 0.8814814814814815 0.22604166666666667 0.23148148148148148
1 0.5044270833333333 0.5032407407407408 0.12864583333333332 0.6305555555555555
1 0.7536458333333333 0.5050925925925925 0.125 0.4046296296296296
0 0.7078125 0.7421296296296296 0.21666666666666667 0.3787037037037037
0 0.58359375 0.18888888888888888 0.06510416666666667 0.21666666666666667
0 0.6236979166666666 0.29212962962962963 0.08385416666666666 0.2824074074074074
1 0.44765625 0.09537037037037037 0.06927083333333334 0.19074074074074074
0 0.6471354166666666 0.48194444444444445 0.1234375 0.3990740740740741
1 0.68046875 0.17731481481481481 0.0703125 0.20462962962962963
1 0.7864583333333334 0.7837962962962963 0.22916666666666666 0.4212962962962963