1 0.30369190539463353 0.7904289601502464 0.2640400826967865 0.4052631293467494
0 0.38830089091342307 0.3053161073419953 0.12875711070442244 0.49963827524415655
1 0.5623888653988758 0.8352951377943613 0.24872949602163555 0.29354858561160524
1 0.5079722609272104 0.4809687728272832 0.19808927827284617 0.6709799963965435
1 0.7522215178097712 0.38796935483921696 0.1690245444780288 0.44668963649576154
0 0.7343144669398309 0.6369256716802665 0.25604007381178634 0.4558442366303708
0 0.5497857664571358 0.1434995512244642 0.08851851957351424 0.23878422976423883
0 0.6008823420194083 0.22937205116845588 0.11449994668999892 0.3102106072266668
1 0.4059961911203026 0.1054954842405553 0.08992344801612048 0.2109909684811106
0 0.645278144255241 0.40582404520224186 0.16689878803308933 0.440121950353704
1 0.6432478953426662 0.1050122934835798 0.09261852135051427 0.2100245869671596
1 0.8161792371631491 0.6478939906045049 0.2735305960375437 0.5028517213764202