1 0.7276041666666667 0.8268518518518518 0.22708333333333333 0.3351851851851852
1 0.30052083333333335 0.6810185185185185 0.2125 0.6268518518518519
1 0.3611979166666667 0.44027777777777777 0.1734375 0.5175925925925926
1 0.83515625 0.7861111111111111 0.09010416666666667 0.2962962962962963
1 0.44192708333333336 0.10092592592592593 0.08489583333333334 0.19444444444444445
1 0.7333333333333333 0.2828703703703704 0.090625 0.19907407407407407
0 0.6236979166666666 0.29212962962962963 0.08697916666666666 0.27870370370370373
1 0.6963541666666667 0.16712962962962963 0.096875 0.17685185185185184
0 0.5854166666666667 0.18472222222222223 0.06458333333333334 0.23796296296296296
0 0.6481770833333333 0.4597222222222222 0.1234375 0.3527777777777778
1 0.753125 0.4925925925925926 0.12083333333333333 0.387037037037037
0 0.6713541666666667 0.7273148148148149 0.13854166666666667 0.3435185185185185