1 0.6593584741078609 0.9032325457508541 0.27038403324247634 0.19353490849829186
1 0.26581058947765557 0.6428086743609092 0.30163990162730825 0.7143826512781817
1 0.3595886047042699 0.4635003030474238 0.247022495853309 0.6157940281516805
1 0.7685992102001561 0.9431309424943101 0.13053217209373358 0.1137381150113798
1 0.48692310813370554 0.1957278074300068 0.11157045039925559 0.21901014482146483
1 0.7426183631091934 0.5227800306567798 0.11869391338730632 0.24987299592932005
0 0.635213084200664 0.46992271021938753 0.12668862467922964 0.32785530080287884
1 0.7237152743859737 0.39099478798339704 0.12176653663473141 0.2311479306805073
0 0.6137342318712432 0.34554537986204065 0.09870674732364695 0.27446596137227175
0 0.6345495160567645 0.6434814272849826 0.17349795982158486 0.422701730718088
1 0.7311593102676225 0.7337893831286288 0.17601580996476543 0.4554174434950516
0 0.6179854162908018 0.850660557340428 0.18693044361474545 0.2986788853191439