0 0.4154347898670982 0.45360180078738954 0.12974841949103347 0.5466854621496016
1 0.2959322149997058 0.6995060120706253 0.20867823343703762 0.6009879758587494
1 0.5071195453149798 0.5221108425866612 0.24009938418022875 0.6266827093853713
0 0.6636063980356423 0.46521176509413426 0.13750665314738864 0.34700868585707606
0 0.5947530978610177 0.18993637624061302 0.0836570607342523 0.23487403300562879
1 0.7254874970403496 0.3184642530117092 0.12289428070326143 0.2930464031873928
0 0.6393788462971588 0.29910470415158896 0.09419750759997735 0.26469759685974315
1 0.8320170591447684 0.8040706020698632 0.1828082028178097 0.3608982234481329
0 0.7031035493670702 0.7832351957233908 0.21778401503188766 0.43352960855321837
1 0.45906518552416775 0.13393207280096464 0.10615120438166888 0.25106728693683394
1 0.685915356688719 0.1723935646084773 0.0722534790488119 0.16987605808991169
1 0.7657770913534802 0.49600564877284015 0.14459431808212836 0.3684342716363622