0 0.3984375 0.44212962962962965 0.103125 0.5416666666666666
1 0.26666666666666666 0.6916666666666667 0.17916666666666667 0.6018518518518519
1 0.4869791666666667 0.5115740740740741 0.209375 0.6157407407407407
0 0.6463541666666667 0.4564814814814815 0.12083333333333333 0.34074074074074073
0 0.5908854166666667 0.18055555555555555 0.07239583333333334 0.23148148148148148
1 0.7153645833333333 0.3101851851851852 0.10885416666666667 0.28703703703703703
0 0.6302083333333334 0.2902777777777778 0.08125 0.2601851851851852
1 0.7981770833333334 0.7967592592592593 0.16510416666666666 0.3527777777777778
0 0.6700520833333333 0.7791666666666667 0.19635416666666666 0.4324074074074074
1 0.4578125 0.12314814814814815 0.09375 0.2462962962962963
1 0.6830729166666667 0.1638888888888889 0.0640625 0.16666666666666666
1 0.7471354166666667 0.48842592592592593 0.1265625 0.36203703703703705