0 0.6296875 0.287962962962963 0.08333333333333333 0.24074074074074073
1 0.5130208333333334 0.5537037037037037 0.29791666666666666 0.6370370370370371
0 0.7268229166666667 0.7541666666666667 0.20989583333333334 0.4583333333333333
1 0.1453125 0.7907407407407407 0.20729166666666668 0.40555555555555556
1 0.6895833333333333 0.17824074074074073 0.065625 0.20833333333333334
1 0.43125 0.09398148148148149 0.07916666666666666 0.18796296296296297
1 0.7309895833333333 0.26990740740740743 0.09114583333333333 0.20277777777777778
0 0.5958333333333333 0.1814814814814815 0.06875 0.22777777777777777
1 0.7419270833333333 0.47824074074074074 0.14114583333333333 0.3435185185185185
1 0.8223958333333333 0.7814814814814814 0.2 0.412962962962963
0 0.6677083333333333 0.46620370370370373 0.15104166666666666 0.3509259259259259