0 0.6705807651175834 0.28679049867293177 0.12477969299057226 0.27576618791071755
1 0.5376218177557568 0.5154676708678836 0.407076447390741 0.7636506955824698
0 0.7357259411788547 0.7274297389391814 0.2828853984049173 0.45198902502613986
1 0.15833528815341047 0.6431493285553952 0.2701585148779486 0.49333097251883923
1 0.7374407821715209 0.1956755306865286 0.10125496345722501 0.23510914560473825
1 0.4850642434238426 0.07385575541646275 0.10971182018101852 0.1477115108329255
1 0.772968129884257 0.2978469958094715 0.12599253046516334 0.24176568281005695
0 0.6434961598508745 0.17182729688370593 0.10760025829215322 0.25591077290610625
1 0.7707682218740146 0.5068601970469857 0.19977894859855283 0.4027119500030833
1 0.8284936476860132 0.7630029867419272 0.2629749853906006 0.3646272688151355
0 0.6974780689732067 0.4733950023032521 0.21081577608427107 0.41468557497618985