1 0.8182291666666667 0.7953703703703704 0.15625 0.39814814814814814
1 0.35703125 0.6013888888888889 0.20260416666666667 0.562037037037037
1 0.7604166666666666 0.4930555555555556 0.11666666666666667 0.38425925925925924
1 0.14166666666666666 0.8087962962962963 0.15729166666666666 0.3675925925925926
1 0.70703125 0.17407407407407408 0.07760416666666667 0.14444444444444443
0 0.6296875 0.29212962962962963 0.08541666666666667 0.2638888888888889
1 0.5049479166666667 0.2324074074074074 0.0703125 0.45555555555555555
1 0.32317708333333334 0.9064814814814814 0.18177083333333333 0.18703703703703703
0 0.64765625 0.43842592592592594 0.12239583333333333 0.33240740740740743
0 0.24817708333333333 0.6657407407407407 0.1421875 0.3925925925925926
1 0.6908854166666667 0.825462962962963 0.14635416666666667 0.3435185185185185
1 0.7291666666666666 0.29907407407407405 0.10416666666666667 0.26666666666666666
0 0.6283854166666667 0.6958333333333333 0.1171875 0.39351851851851855
0 0.59453125 0.18194444444444444 0.06510416666666667 0.2212962962962963