1 0.83410895916877 0.7293625339206274 0.17408136669848345 0.42198399663091074
1 0.3655097404917099 0.6077649860553861 0.22779459471142213 0.5930608128880867
1 0.7626504878129529 0.4370757294464765 0.13385599114151367 0.40222099663139893
1 0.1598572416189062 0.8248375678229477 0.1735844102482412 0.3460580707049846
1 0.6947257315669388 0.1275461606626057 0.08433936712284786 0.15628963924862482
0 0.6229027926877717 0.25711558803064866 0.09710639157648397 0.27703173785357754
1 0.49605242157330215 0.22495433742457954 0.0910510555909075 0.4499086748491591
1 0.3455468107362393 0.9005734237655575 0.18970527201357518 0.1836284569481618
0 0.647543108476544 0.4003616940915432 0.13716850002651407 0.3514082053855633
0 0.2597688178309824 0.6888398316529384 0.1599703831423622 0.414140212600298
1 0.7083672845056033 0.7791070947656541 0.16173857336090786 0.36605671284077274
1 0.7226090435762719 0.2489279538327286 0.11640752713239284 0.2822593650779702
0 0.6401254496074522 0.6599037900510282 0.1349582622533319 0.4115125800849697
0 0.5828889853463781 0.15278027081035273 0.07493442979524166 0.23098255940266546