0 0.19583333333333333 0.7018518518518518 0.11510416666666666 0.3787037037037037
1 0.4421875 0.10740740740740741 0.084375 0.2074074074074074
0 0.5986979166666667 0.18472222222222223 0.07447916666666667 0.2324074074074074
1 0.44296875 0.2074074074074074 0.08385416666666666 0.4111111111111111
1 0.7346354166666667 0.29212962962962963 0.0796875 0.20277777777777778
0 0.6385416666666667 0.29814814814814816 0.09895833333333333 0.26296296296296295
1 0.8046875 0.8305555555555556 0.18541666666666667 0.32592592592592595
0 0.65703125 0.49212962962962964 0.12552083333333333 0.4212962962962963
1 0.6817708333333333 0.16574074074074074 0.06041666666666667 0.18888888888888888
1 0.7596354166666667 0.5060185185185185 0.11510416666666666 0.3824074074074074
1 0.29401041666666666 0.7226851851851852 0.20260416666666667 0.5453703703703704
1 0.6153645833333333 0.7430555555555556 0.24947916666666667 0.5064814814814815
1 0.3875 0.22777777777777777 0.0875 0.44814814814814813
1 0.36614583333333334 0.6240740740740741 0.24270833333333333 0.4962962962962963