0 0.19722499905695517 0.5725696758143415 0.1657651322925366 0.43021149029938466
1 0.4885283785615972 0.0786531570717328 0.11143175712319445 0.1573063141434656
0 0.6373347305138 0.1456653988300082 0.10539569350185071 0.2658761487457222
1 0.48129277042789176 0.17902217210772373 0.13862720752245014 0.35804434421544745
1 0.7636725804683714 0.2819034784644699 0.1066601552838866 0.23835735916032777
0 0.6678425691613055 0.2673309258530723 0.13411898462195732 0.30727070525776484
1 0.7888709859780474 0.7731687565710977 0.22496677973732632 0.29088840794485543
0 0.6710250947904747 0.4639509573898478 0.18168595582632274 0.47739477801643876
1 0.7212014376975658 0.1445327568698847 0.0857471494796016 0.21546185391421951
1 0.7716768700052453 0.5002277558387008 0.16639514849937623 0.43397994105118426
1 0.2930789840561304 0.6145541638126977 0.2750884750481994 0.6356887454630501
1 0.6091580451897303 0.6705162217904556 0.31460099464729413 0.5501925156180726
1 0.4248085421375125 0.19249972311950486 0.14649208427502505 0.3849994462390097
1 0.3721999180227568 0.532231402087524 0.3084535334682658 0.6057027913781166