1 0.2839316277031455 0.6588043667140083 0.27320586092837496 0.6267840513762581
1 0.7159962851721973 0.2869101191544137 0.09445120373287826 0.2353242351835345
1 0.48127291395857813 0.6479412976742049 0.2570911201270884 0.7041174046515902
1 0.3383936225616219 0.8772527475824998 0.12858983306197527 0.21302831283514764
1 0.7616852073841294 0.6191984597113017 0.15802132683831474 0.40056733366537095
0 0.6675683326549382 0.5504735369624002 0.21927965421934534 0.38337608304698656
1 0.7506251116056717 0.4205788319389184 0.10451976947956372 0.25342871993958244
1 0.485991320481172 0.13665679008338735 0.1105243076290107 0.2287520202533438
0 0.6566913785161212 0.34399700966605323 0.11599628517219714 0.25587328903333006
0 0.16157479518168955 0.6034259365215892 0.12650504653518457 0.424849816329677
0 0.6240614287058522 0.25485356640443335 0.08313832927394671 0.2495463327564537
1 0.38221880208264675 0.19792164734095916 0.1475527491870243 0.34172210816858234
1 0.33412004152934005 0.5480321975302063 0.23055734685949622 0.5246287159511829
0 0.6703197325457358 0.783607258203042 0.2706641496194396 0.432785483593916
1 0.4221476002426845 0.23515440117996583 0.1307535338187023 0.43339868320551794
1 0.7507208901482697 0.858851904205504 0.2306951677477052 0.28229619158899205