1 0.29713541666666665 0.7171296296296297 0.21197916666666666 0.5509259259259259
1 0.6828125 0.18194444444444444 0.07083333333333333 0.2101851851851852
1 0.49114583333333334 0.6527777777777778 0.17916666666666667 0.6888888888888889
1 0.37161458333333336 0.9111111111111111 0.10989583333333333 0.17222222222222222
1 0.7598958333333333 0.49166666666666664 0.11770833333333333 0.3592592592592593
0 0.6611979166666667 0.46064814814814814 0.18489583333333334 0.31574074074074077
1 0.7296875 0.300462962962963 0.07916666666666666 0.225
1 0.44244791666666666 0.11203703703703703 0.0859375 0.2222222222222222
0 0.63046875 0.26157407407407407 0.09114583333333333 0.22314814814814815
0 0.17239583333333333 0.7101851851851851 0.08125 0.39814814814814814
0 0.58984375 0.1865740740740741 0.05677083333333333 0.23055555555555557
1 0.34817708333333336 0.22453703703703703 0.1140625 0.30092592592592593
1 0.33541666666666664 0.5884259259259259 0.17916666666666667 0.4601851851851852
0 0.6934895833333333 0.7518518518518519 0.21822916666666667 0.48148148148148145
1 0.3893229166666667 0.22962962962962963 0.08072916666666667 0.44074074074074077
1 0.7807291666666667 0.8092592592592592 0.19166666666666668 0.3685185185185185