1 0.7736979166666667 0.8064814814814815 0.1953125 0.37777777777777777
0 0.603125 0.17962962962962964 0.065625 0.21388888888888888
1 0.7302083333333333 0.29212962962962963 0.09270833333333334 0.20462962962962963
1 0.44296875 0.13796296296296295 0.0859375 0.1962962962962963
1 0.35651041666666666 0.18888888888888888 0.09739583333333333 0.16296296296296298
0 0.6325520833333333 0.2657407407407407 0.09010416666666667 0.22037037037037038
1 0.3697916666666667 0.10787037037037037 0.07083333333333333 0.20462962962962963
1 0.7630208333333334 0.47824074074074074 0.11354166666666667 0.31203703703703706
1 0.6815104166666667 0.18055555555555555 0.0703125 0.20555555555555555
0 0.6768229166666667 0.7449074074074075 0.1859375 0.47685185185185186
0 0.6674479166666667 0.4615740740740741 0.19427083333333334 0.33055555555555555
1 0.5098958333333333 0.5685185185185185 0.13333333333333333 0.6703703703703704
1 0.24140625 0.7476851851851852 0.2109375 0.487962962962963
1 0.3859375 0.47962962962962963 0.14583333333333334 0.6018518518518519