1 0.68867204493065 0.8856592689501499 0.25043137062392684 0.22868146209970022
0 0.6233772270888094 0.31924066095684284 0.10047169713182977 0.2460167550669956
1 0.727298335758595 0.4904420973657313 0.1259925304651631 0.24998614813437545
1 0.47580985075154203 0.20055739915604776 0.117611549714366 0.23858584262244134
1 0.384308305916614 0.20687287774702198 0.12377028753022827 0.21017133331956067
0 0.6376371101268705 0.4167229062181596 0.12577774489056542 0.26463894690562384
1 0.40894617324282406 0.15606804398436075 0.10189932018101852 0.19759074516718764
1 0.7287109447926521 0.6863272673591194 0.16401665205726726 0.36696467450019155
1 0.6986497417078469 0.35896712194765185 0.1037557699873832 0.24010232973799697
0 0.604318480117977 0.8083627127173105 0.2598492409985809 0.38327457456537906
0 0.6395229050767968 0.6229552774402994 0.24785065546998244 0.42589822219467677
1 0.47048298792122245 0.640678829127297 0.24188101853993657 0.7186423417454061
1 0.1829417616759538 0.6897004367372009 0.29012464061131 0.5912679207739908
1 0.3654786141434915 0.5018787120193676 0.24352342716372313 0.6721370155063369