1 0.7737332696891932 0.3449668025686248 0.10651694730987984 0.2639218275058797
0 0.7066338521903328 0.7542159054092382 0.23863055684940615 0.4799863983541589
0 0.6991098527451285 0.4819236537541062 0.2004416353297903 0.3574355764852069
1 0.7919887664999585 0.5189466062522436 0.15874035413178167 0.36625849850864445
1 0.46640746152239954 0.102036155842377 0.10885658971146578 0.204072311684754
1 0.7264260610786302 0.20324926921727116 0.09353732834151743 0.22491981414844445
1 0.33360317671922757 0.2100914475435358 0.12968413089277023 0.3085817471285076
1 0.3842290651689872 0.28599821072123904 0.15976882113119106 0.4254962102500854
1 0.7994991624371058 0.8157893621430489 0.23102493635585972 0.35497562459524984
1 0.25493168254256415 0.6917216855502817 0.2678812676092137 0.5413668534379995
1 0.4391744204100238 0.6624864482099062 0.21377143801957413 0.6509325474859071
1 0.557197180601452 0.5283232267704345 0.207035219217583 0.6416086456731926
0 0.6340131627841056 0.22968187048206 0.13785759123664956 0.29571036111627264