1 0.7471354166666667 0.3138888888888889 0.08072916666666667 0.2518518518518518
0 0.67890625 0.7356481481481482 0.1921875 0.4527777777777778
0 0.6721354166666667 0.462037037037037 0.16614583333333333 0.3314814814814815
1 0.7645833333333333 0.48564814814814816 0.12291666666666666 0.3472222222222222
1 0.44140625 0.10462962962962963 0.08802083333333334 0.20925925925925926
1 0.7002604166666667 0.17824074074074073 0.07135416666666666 0.21388888888888888
1 0.30911458333333336 0.24212962962962964 0.09947916666666666 0.2935185185185185
1 0.35911458333333335 0.3111111111111111 0.11822916666666666 0.4074074074074074
1 0.7723958333333333 0.8074074074074075 0.19479166666666667 0.37407407407407406
1 0.22916666666666666 0.737037037037037 0.215625 0.5074074074074074
1 0.4127604166666667 0.6810185185185185 0.14947916666666666 0.6287037037037037
1 0.5307291666666667 0.5291666666666667 0.14375 0.6194444444444445
0 0.6083333333333333 0.21805555555555556 0.109375 0.27870370370370373