1 0.7825520833333334 0.788425925925926 0.21927083333333333 0.41203703703703703
1 0.39088541666666665 0.26342592592592595 0.09114583333333333 0.41944444444444445
0 0.6986979166666667 0.7439814814814815 0.23385416666666667 0.44907407407407407
0 0.6622395833333333 0.46064814814814814 0.18697916666666667 0.33240740740740743
1 0.7614583333333333 0.46944444444444444 0.12291666666666666 0.31851851851851853
1 0.28671875 0.7458333333333333 0.2682291666666667 0.4824074074074074
1 0.70625 0.17453703703703705 0.065625 0.17314814814814813
1 0.3104166666666667 0.6342592592592593 0.22395833333333334 0.5833333333333334
0 0.5145833333333333 0.44166666666666665 0.115625 0.55
1 0.5026041666666666 0.1175925925925926 0.07708333333333334 0.23333333333333334
1 0.39505208333333336 0.48055555555555557 0.1234375 0.5888888888888889
1 0.7260416666666667 0.3138888888888889 0.11458333333333333 0.25