1 0.7390330108629791 0.7140641963222693 0.2504836851624075 0.4230568455655371
1 0.39066916529650025 0.21287999109142286 0.12419064621968161 0.4257599821828457
0 0.6584585694451356 0.6863725839191689 0.26954313566005367 0.4989703365516877
0 0.6443609485392429 0.4054540850498309 0.21342810884081492 0.3773553288981866
1 0.7422394103784465 0.41504324080772925 0.14800711057274138 0.34870136495358467
1 0.24932387006555426 0.6873553777996514 0.30670797262530825 0.547449630996816
1 0.7105863967751345 0.11907187333852534 0.07949777517134607 0.18880326364518854
1 0.2817100351683619 0.5758178988775399 0.2703186678431405 0.6373252011757801
0 0.49948180056200964 0.3846275093173622 0.15912265711544496 0.5785683387009016
1 0.5127314988819351 0.09287984600576843 0.09537033556946307 0.18575969201153686
1 0.3777015416502746 0.42246754221729854 0.17006372634126307 0.6194512020453091
1 0.7193370206150526 0.2591067991960919 0.13433809448119832 0.27801086389128205