1 0.7921875 0.7833333333333333 0.22916666666666666 0.4166666666666667
1 0.4786458333333333 0.23657407407407408 0.09270833333333334 0.46944444444444444
1 0.34296875 0.7458333333333333 0.20364583333333333 0.49537037037037035
1 0.36953125 0.5106481481481482 0.1453125 0.5194444444444445
1 0.42890625 0.11435185185185186 0.059895833333333336 0.18425925925925926
1 0.7502604166666667 0.2773148148148148 0.08489583333333334 0.2064814814814815
1 0.7098958333333333 0.16712962962962963 0.06666666666666667 0.17314814814814813
0 0.6364583333333333 0.19212962962962962 0.10833333333333334 0.28055555555555556
0 0.6411458333333333 0.45555555555555555 0.14270833333333333 0.32222222222222224
1 0.20130208333333333 0.9226851851851852 0.23177083333333334 0.1527777777777778
0 0.6934895833333333 0.700925925925926 0.2234375 0.3888888888888889
1 0.7609375 0.5212962962962963 0.10833333333333334 0.3592592592592593