1 0.8292041583068522 0.5742940505102233 0.2825514654879863 0.5258046155176771
1 0.44913066160037046 0.23032481512853556 0.15595259789680588 0.4606496302570711
1 0.3878171807864124 0.7210596637967843 0.2672169707438428 0.5066480806504273
1 0.38158318721406276 0.5237519819192749 0.21467428767631963 0.5853526483824568
1 0.3840314675149306 0.11322082403774737 0.08443779001990753 0.2121705636044328
1 0.71801919975272 0.1160000208318778 0.11193328938662053 0.2320000416637556
1 0.6634760814334724 0.06241059233595357 0.0894521628669447 0.12482118467190714
0 0.5959985116512037 0.12475250726512346 0.1451220233024074 0.24950501453024693
0 0.6372742443951969 0.33502006812516216 0.18454863468780094 0.3899018164603188
1 0.2747439734342481 0.9279393189619105 0.24648838544817137 0.11521539451700194
0 0.7221603503028706 0.5445817992580119 0.2728006670457873 0.4961301890228069
1 0.7624803274118868 0.3378178383170177 0.1561937420839122 0.40915794126508814