1 0.44375 0.09351851851851851 0.08125 0.18703703703703703
0 0.43046875 0.5967592592592592 0.14322916666666666 0.712037037037037
1 0.3263020833333333 0.6162037037037037 0.17760416666666667 0.6472222222222223
0 0.6846354166666667 0.7546296296296297 0.20885416666666667 0.42777777777777776
0 0.7736979166666667 0.8333333333333334 0.19010416666666666 0.32407407407407407
0 0.6604166666666667 0.45925925925925926 0.16770833333333332 0.3277777777777778
1 0.15755208333333334 0.8300925925925926 0.1796875 0.3287037037037037
1 0.7630208333333334 0.5115740740740741 0.10625 0.3472222222222222
1 0.9463541666666667 0.9078703703703703 0.10729166666666666 0.1787037037037037
1 0.7408854166666666 0.33101851851851855 0.07135416666666666 0.2490740740740741
1 0.5229166666666667 0.15231481481481482 0.07916666666666666 0.30277777777777776
0 0.5669270833333333 0.17546296296296296 0.06927083333333334 0.2490740740740741
1 0.7096354166666666 0.17546296296296296 0.0734375 0.21574074074074073
0 0.6411458333333333 0.2708333333333333 0.14791666666666667 0.2212962962962963