1 0.4877930250032784 0.06648662593850409 0.10579438333989018 0.13297325187700818
0 0.44469773958281494 0.5211336286294304 0.23973493938256568 0.771528177801091
1 0.33976077324572684 0.521152448809684 0.2652631538196592 0.7221819935723928
0 0.6878063312980554 0.7007290062345015 0.2645133341736719 0.46594003303071074
0 0.7708863864163585 0.7704199639814192 0.2296032239370656 0.30311968612617995
0 0.6820102846713181 0.42696576112944284 0.21214602022766751 0.3995391312283246
1 0.15876725670838937 0.7032253088964358 0.22378645463377048 0.4055931959160628
1 0.7811214373145035 0.4983856376131411 0.15329185356100083 0.39222271479349424
1 0.9373844149091151 0.8553114775681088 0.12523117018176985 0.08102104409135959
1 0.7696889378443313 0.31418139177568555 0.10531710867274716 0.27937655534603595
1 0.562993214857263 0.13170632549469477 0.11996590133142794 0.26341265098938954
0 0.6055594365581989 0.13286225442490474 0.10319735512485977 0.26572450884980947
1 0.7476539800828429 0.15316084025559792 0.1024799011633604 0.24677490679434105
0 0.673968677032602 0.23582680447383497 0.17756726114786497 0.2846726913276545