0 0.5830729166666667 0.24814814814814815 0.09010416666666667 0.337037037037037
1 0.6856770833333333 0.1763888888888889 0.08072916666666667 0.1935185185185185
1 0.721875 0.25833333333333336 0.11979166666666667 0.14814814814814814
1 0.5223958333333333 0.15694444444444444 0.07708333333333334 0.31203703703703706
1 0.7885416666666667 0.7856481481481481 0.22395833333333334 0.41388888888888886
1 0.47552083333333334 0.3731481481481482 0.12916666666666668 0.5222222222222223
1 0.4609375 0.8032407407407407 0.203125 0.38425925925925924
0 0.32890625 0.3592592592592593 0.17864583333333334 0.3425925925925926
0 0.6984375 0.7412037037037037 0.23333333333333334 0.425
1 0.66484375 0.4888888888888889 0.2515625 0.4203703703703704
1 0.4361979166666667 0.09768518518518518 0.07239583333333334 0.19537037037037036
1 0.7877604166666666 0.44907407407407407 0.09322916666666667 0.2814814814814815