0 0.5657544655534966 0.2402718900846727 0.15026461132906235 0.3669226767661234
1 0.6509180998421864 0.13479116689933052 0.1152628198596626 0.22259605338981706
1 0.7001323056645312 0.20285585496997013 0.1461676803855326 0.19305870995507415
1 0.4915688793484444 0.1760529699316085 0.13209609203022207 0.32569707311071
1 0.8542677966139745 0.6979950293311007 0.29146440677205115 0.49627028090102215
1 0.4852457354920662 0.39949672221660804 0.22235777584547095 0.5641516883094058
1 0.5463580118138028 0.7984109475686652 0.26964765104273786 0.4031781048626697
0 0.3427082678291773 0.43527335593650746 0.2396138755241939 0.4075847099540978
0 0.7637569255678847 0.6849168287550349 0.3094565331811696 0.510482411733026
1 0.6866316895995528 0.4487181178370849 0.326817454951545 0.5137935387169439
1 0.3987469195792515 0.14221416545941037 0.10733470534607908 0.22050177008062882
1 0.7969962292314966 0.3680468441464037 0.14332376435859498 0.31403176430825536