1 0.5234375 0.08009259259259259 0.07604166666666666 0.15833333333333333
1 0.7182291666666667 0.3055555555555556 0.09791666666666667 0.2611111111111111
0 0.6005208333333333 0.19212962962962962 0.109375 0.22962962962962963
1 0.32135416666666666 0.5407407407407407 0.22395833333333334 0.5611111111111111
1 0.6197916666666666 0.7523148148148148 0.22916666666666666 0.48055555555555557
1 0.5130208333333334 0.3685185185185185 0.11770833333333333 0.6185185185185185
1 0.7953125 0.7777777777777778 0.22395833333333334 0.42962962962962964
0 0.4276041666666667 0.4074074074074074 0.11041666666666666 0.5944444444444444
1 0.7794270833333333 0.5050925925925925 0.15260416666666668 0.3787037037037037
0 0.2515625 0.7513888888888889 0.2604166666666667 0.48055555555555557
1 0.6854166666666667 0.16898148148148148 0.06875 0.19537037037037036
0 0.6481770833333333 0.3907407407407407 0.1078125 0.3425925925925926
1 0.4421875 0.0912037037037037 0.07604166666666666 0.1824074074074074