1 0.55127326095402 0.06236928152466265 0.09673815723783032 0.1247385630493253
1 0.7122631557822487 0.28585769636309566 0.13201717346072758 0.2945414422969873
0 0.6121502201193787 0.15532737727286564 0.13941268372142115 0.2676804582664222
1 0.2937303388799452 0.4631838633087317 0.2977154409314108 0.638614923527492
1 0.5592342572106628 0.6944630809347399 0.2901584423180637 0.5144329913655106
1 0.5035824656130932 0.3241787551483306 0.19879912964464796 0.6483575102966612
1 0.728108707987175 0.7239426476961986 0.2758240105377548 0.4190178241298998
0 0.4151829608294097 0.3451661325105175 0.1880627169990729 0.6318655248828936
1 0.7461565176098869 0.49369283406110165 0.20241452523546855 0.4316763412148928
0 0.19827325395216291 0.6632319302208403 0.3237076780362786 0.5713185086624822
1 0.6981849638797769 0.1445772331686552 0.09437050013853063 0.21881383221777528
0 0.6327207137412463 0.3603980034470008 0.15253897601198077 0.37954657599288494
1 0.46973853334725374 0.06803204714688134 0.0990645999721592 0.13606409429376268