0 0.19140477301763154 0.7026984937276114 0.2753600142814486 0.5259730726826796
1 0.7119598401969962 0.10182188284469536 0.08471696852459303 0.15255217716100936
0 0.6131862330148474 0.6454341551528917 0.2402969004434328 0.47018670016828257
1 0.7036941205631481 0.2592292902521028 0.1356976213254034 0.28445464127124875
1 0.44695702488914185 0.08507376384160592 0.0763078062949468 0.17014752768321184
0 0.5671229207573603 0.42214106940294643 0.1467966096780567 0.4365976474524508
1 0.5328355994177 0.0801667601397351 0.09673155740420185 0.1603335202794702
0 0.5754978031060489 0.13434597785727936 0.09730842013296268 0.2541574631887525
1 0.743598076747405 0.4517687803439422 0.1736780479753655 0.3957965693412011
1 0.7281503261929456 0.7360765653247597 0.23528224694929634 0.4043003822628668
1 0.464203923391799 0.33406200847816037 0.21295146588981784 0.620590654806017
1 0.2984339346232168 0.5743272851245851 0.2875896978643391 0.5713395058367328