0 0.23880208333333333 0.7569444444444444 0.23072916666666668 0.475
1 0.7072916666666667 0.1425925925925926 0.071875 0.13703703703703704
0 0.6580729166666667 0.687037037037037 0.20052083333333334 0.42592592592592593
1 0.7135416666666666 0.29953703703703705 0.11145833333333334 0.2601851851851852
1 0.43776041666666665 0.11944444444444445 0.058854166666666666 0.18703703703703703
0 0.5911458333333334 0.46574074074074073 0.10833333333333334 0.412962962962963
1 0.52265625 0.1 0.07864583333333333 0.1962962962962963
0 0.5729166666666666 0.17916666666666667 0.075 0.23796296296296296
1 0.7713541666666667 0.4898148148148148 0.13958333333333334 0.3648148148148148
1 0.7828125 0.7921296296296296 0.2 0.3972222222222222
1 0.47942708333333334 0.3814814814814815 0.15885416666666666 0.5851851851851851
1 0.3346354166666667 0.6259259259259259 0.2390625 0.5185185185185185