0 0.7328125 0.7435185185185185 0.3125 0.4925925925925926
1 0.37838541666666664 0.7578703703703704 0.2109375 0.46944444444444444
0 0.21328125 0.7393518518518518 0.1890625 0.44722222222222224
0 0.65390625 0.4601851851851852 0.09427083333333333 0.29259259259259257
0 0.3234375 0.300462962962963 0.08333333333333333 0.18611111111111112
1 0.32916666666666666 0.524074074074074 0.22395833333333334 0.24814814814814815
1 0.5 0.5226851851851851 0.15520833333333334 0.6712962962962963
1 0.78828125 0.7958333333333333 0.2109375 0.3972222222222222
1 0.740625 0.2777777777777778 0.1078125 0.21203703703703702
1 0.6401041666666667 0.24814814814814815 0.18020833333333333 0.2574074074074074
1 0.6036458333333333 0.11712962962962963 0.10520833333333333 0.21388888888888888
1 0.75625 0.5069444444444444 0.11354166666666667 0.36944444444444446