0 0.7437615735928117 0.7912798471878253 0.36855758866508714 0.4174403056243494
1 0.3902969166075764 0.7482623947325712 0.2678555789836558 0.5034752105348577
0 0.2257919009774319 0.6907428349320281 0.24327355367207992 0.5174618043517398
0 0.6767214010442628 0.5800952711397295 0.12948547317170073 0.32740155468833587
0 0.3519162726868551 0.30117323927502554 0.10559707220200944 0.21667258057545646
1 0.3494287728282575 0.5223692423540063 0.25397241010099425 0.33090380919430123
1 0.520455860519009 0.584615736688859 0.23620499005124504 0.7284176088237315
1 0.7972265381165068 0.8607498884844206 0.2553776596176969 0.27850022303115884
1 0.7701935986215828 0.43329981863892003 0.13354089585391146 0.2523820874357518
1 0.6704889814700704 0.3670254539783307 0.21118514398755223 0.3237426993985902
1 0.6387877729619192 0.2249315862086976 0.13097619557729914 0.2529842781211985
1 0.7774362962734743 0.6639946019169594 0.15791904910642837 0.411064968552492