1 0.7536458333333333 0.3050925925925926 0.1015625 0.2490740740740741
1 0.33671875 0.6347222222222222 0.22447916666666667 0.49166666666666664
0 0.22578125 0.7458333333333333 0.21510416666666668 0.4583333333333333
1 0.7544270833333333 0.5060185185185185 0.12135416666666667 0.35833333333333334
1 0.86171875 0.7805555555555556 0.21302083333333333 0.43148148148148147
1 0.53671875 0.3726851851851852 0.13385416666666666 0.48055555555555557
1 0.43020833333333336 0.09583333333333334 0.078125 0.19166666666666668
1 0.8010416666666667 0.7680555555555556 0.15364583333333334 0.36574074074074076
0 0.3377604166666667 0.3398148148148148 0.1109375 0.26296296296296295
1 0.7088541666666667 0.16342592592592592 0.08333333333333333 0.2101851851851852
0 0.6984375 0.7046296296296296 0.23333333333333334 0.412962962962963
0 0.6651041666666667 0.45740740740740743 0.11770833333333333 0.28703703703703703
1 0.546875 0.7805555555555556 0.20625 0.43148148148148147