1 0.7739714747498951 0.46994364344231515 0.1190564333293042 0.27349689569595415
1 0.3726410833232604 0.6993266708076392 0.2586177492567365 0.5457672446051733
0 0.2670393350984955 0.764342845191332 0.24727204484550497 0.47131430961733595
1 0.7848087763398178 0.6706531189298001 0.1464040395775413 0.38801108964995973
1 0.8919152128630699 0.8640332689498795 0.21616957427386035 0.2719334621002409
1 0.5601365161704861 0.4858707255288626 0.16717162241872335 0.5130471675719154
1 0.43949257095435657 0.18552197798105663 0.09148514190871318 0.20740742450069952
1 0.844393232034133 0.8708484412961884 0.1791883823470158 0.25830311740762324
0 0.3591120734627823 0.40523095254438557 0.12930730195651813 0.29025976445673835
1 0.7222847016516936 0.3179053946914572 0.09800727818286745 0.23071189891512695
0 0.7383684898783368 0.8102423655392552 0.26235277229719645 0.3795152689214896
0 0.6929685237058362 0.6008118301638139 0.13750142180907426 0.31574076638067894
1 0.589952070085537 0.827044298773317 0.23625479116947876 0.3459114024533661