1 0.38723958333333336 0.09675925925925925 0.0921875 0.1935185185185185
0 0.3380208333333333 0.3421296296296296 0.1125 0.2601851851851852
1 0.7354166666666667 0.300462962962963 0.07708333333333334 0.24166666666666667
1 0.696875 0.17546296296296296 0.06770833333333333 0.20277777777777778
1 0.15 0.8148148148148148 0.25729166666666664 0.3611111111111111
1 0.734375 0.7712962962962963 0.21145833333333333 0.4462962962962963
1 0.83359375 0.7541666666666667 0.12760416666666666 0.3453703703703704
0 0.66484375 0.45555555555555555 0.11614583333333334 0.28703703703703703
1 0.7572916666666667 0.4444444444444444 0.11875 0.25925925925925924
0 0.22447916666666667 0.7625 0.23229166666666667 0.41203703703703703
0 0.6552083333333333 0.6990740740740741 0.15833333333333333 0.3907407407407407
1 0.32864583333333336 0.6069444444444444 0.21875 0.5583333333333333