1 0.4072505864238593 0.15976806741772093 0.10216549381894803 0.20111484439494975
0 0.3453148356118971 0.3750744598502037 0.12590600578826852 0.29759718740347096
1 0.7431663547051598 0.46102118543026516 0.08936888934291194 0.26747239046017457
1 0.7113004198553886 0.32556938115350426 0.07829806407641086 0.22491643285866725
1 0.13554323718598515 0.7796296296296297 0.2710864743719703 0.44074074074074077
1 0.7177475036797012 0.8339308572127091 0.23370673256339386 0.33213828557458186
1 0.8171569775934241 0.8736155932081349 0.14546167037276328 0.25276881358373027
0 0.664830587759533 0.5920800516410506 0.1306813792593715 0.3252269893385085
1 0.75752831567394 0.6107069162492421 0.13215600578826853 0.2986344541810518
0 0.21040752872489227 0.7542917713682997 0.25302301769212526 0.4880462840939298
0 0.642428173305966 0.8037972604912413 0.17843779683619634 0.3924054790175174
1 0.3220599633455398 0.6338575872305386 0.24724268624457213 0.6305275358348672