1 0.7059895833333333 0.1537037037037037 0.0890625 0.17962962962962964
1 0.8265625 0.7703703703703704 0.16979166666666667 0.35
0 0.3489583333333333 0.3162037037037037 0.078125 0.41944444444444445
1 0.7450520833333333 0.31203703703703706 0.07864583333333333 0.24074074074074073
1 0.44921875 0.1476851851851852 0.07916666666666666 0.2935185185185185
1 0.5557291666666667 0.4791666666666667 0.14479166666666668 0.5712962962962963
1 0.92734375 0.7393518518518518 0.1453125 0.5101851851851852
1 0.22942708333333334 0.7768518518518519 0.1296875 0.4148148148148148
1 0.30520833333333336 0.8925925925925926 0.21041666666666667 0.20925925925925926
1 0.77109375 0.5009259259259259 0.1265625 0.40555555555555556
0 0.7109375 0.7527777777777778 0.26875 0.48333333333333334
0 0.57421875 0.10833333333333334 0.0734375 0.21666666666666667
0 0.6231770833333333 0.26990740740740743 0.0859375 0.3416666666666667
0 0.66796875 0.45 0.1171875 0.30925925925925923