1 0.7324787752590589 0.29112892591523465 0.11971871178145031 0.21697533480858056
1 0.7420366348251861 0.8655100752998831 0.22520634945037016 0.26897984940023384
0 0.3632145527174231 0.28399332923429804 0.15081099748688231 0.44783365817958654
1 0.7420859785106176 0.46215185790362845 0.12036939918330206 0.27240155418083334
1 0.4877841448789662 0.17841869574250577 0.12859837690873424 0.302451526406197
1 0.5323339293588277 0.5364331138624298 0.24379816280271538 0.6280717736033488
1 0.845929663241791 0.8372619984009708 0.2246590729502465 0.32547600319805847
1 0.1687444530785038 0.6740711827857042 0.20111037037410445 0.4675720591996939
1 0.22081893301873545 0.8207966525424758 0.24542134081070952 0.3023192793095703
1 0.7340794059374698 0.65669330448555 0.19639689956040082 0.4562022757219773
0 0.635525745805433 0.7862625538936981 0.34551790474419686 0.42747489221260365
0 0.6145842780395064 0.1867549988640248 0.11080575651913543 0.24688420944762227
0 0.633224728699167 0.3653043881217255 0.14517343719780815 0.3754820997740615
0 0.6445345564716054 0.5601162684732717 0.17025819660716004 0.3576543576209017