1 0.7859375 0.7972222222222223 0.18541666666666667 0.39444444444444443
0 0.6221354166666667 0.12916666666666668 0.10364583333333334 0.16944444444444445
1 0.7078125 0.16157407407407406 0.08020833333333334 0.14351851851851852
1 0.40625 0.45185185185185184 0.14895833333333333 0.6037037037037037
1 0.4046875 0.32546296296296295 0.14583333333333334 0.35648148148148145
0 0.64609375 0.29398148148148145 0.1359375 0.27314814814814814
0 0.6645833333333333 0.45185185185185184 0.15625 0.30185185185185187
1 0.7614583333333333 0.45601851851851855 0.128125 0.30462962962962964
1 0.72265625 0.30972222222222223 0.09947916666666666 0.26944444444444443
0 0.6979166666666666 0.7615740740740741 0.22083333333333333 0.44351851851851853
1 0.46927083333333336 0.9101851851851852 0.18958333333333333 0.17592592592592593
1 0.5473958333333333 0.24259259259259258 0.09791666666666667 0.4222222222222222
1 0.35442708333333334 0.6699074074074074 0.1984375 0.6435185185185185