1 0.7848639073067591 0.7376938847070212 0.24779544661655326 0.35608197474501907
0 0.6757313474069858 0.10464105583429012 0.13323851261773428 0.20928211166858024
1 0.7586105842344558 0.1528382444424964 0.10539783638370064 0.18520227939565
1 0.43667497420939916 0.3598563324237934 0.2553894828060417 0.6779671984114282
1 0.4444825589293854 0.23385279039150708 0.2082755501938756 0.4307438827191263
0 0.6872819400302883 0.26781683857526445 0.18401067054889117 0.3428925236280478
0 0.6936588138515997 0.42920859957120644 0.20934442387665608 0.3821609459435062
1 0.7899058370074251 0.45913686611080595 0.18182349362153094 0.3701791641073716
1 0.762344973100144 0.3038625071751211 0.14714935482510802 0.3204587205221227
0 0.7009397038958082 0.6977133042894993 0.2937688534384551 0.4634064993510728
1 0.4642810908896496 0.8256390613002509 0.21916941278410568 0.26396561218057496
1 0.5927218676509748 0.2128006231947238 0.17263718899029853 0.4256012463894476
1 0.3686147034106143 0.5620473697716178 0.3120984945919188 0.7435272662791564