1 0.7885275803304028 0.7277777777777777 0.22495132874473237 0.42962962962962964
1 0.4214665049181285 0.42685185185185187 0.1685669051703774 0.6055555555555555
0 0.6505580072248226 0.4074074074074074 0.1868491508741234 0.3351851851851852
1 0.7425593687203826 0.4041666666666667 0.1403579252467812 0.30648148148148147
0 0.5741391778582157 0.1398148148148148 0.0984595853228934 0.25092592592592594
1 0.6989459729787266 0.22777777777777777 0.1067407490238106 0.22592592592592592
0 0.6771735862619017 0.6777777777777778 0.1901616070717232 0.43425925925925923
1 0.6616855988087428 0.1037037037037037 0.08371001812402502 0.1527777777777778
1 0.35538836128122153 0.9351851851851852 0.1691169598224049 0.12962962962962962
0 0.5993142737012088 0.26851851851851855 0.1164323116092909 0.2851851851851852
1 0.41066117818774334 0.13703703703703704 0.07457996114051586 0.14074074074074075