1 0.784375 0.8009259259259259 0.18645833333333334 0.387037037037037
1 0.43776041666666665 0.41064814814814815 0.10989583333333333 0.5842592592592593
0 0.665625 0.4476851851851852 0.15729166666666666 0.29907407407407405
1 0.7567708333333333 0.4675925925925926 0.1125 0.2814814814814815
0 0.6046875 0.1625 0.075 0.23425925925925925
1 0.7234375 0.2810185185185185 0.08645833333333333 0.2064814814814815
0 0.6768229166666667 0.7236111111111111 0.15052083333333333 0.4009259259259259
1 0.6934895833333333 0.14814814814814814 0.0703125 0.13703703703703704
1 0.3421875 0.9263888888888889 0.15625 0.14351851851851852
0 0.62265625 0.2967592592592593 0.09010416666666667 0.2657407407407407
1 0.44296875 0.11944444444444445 0.06197916666666667 0.12685185185185185