1 0.7656216381482852 0.7191644305184398 0.2463827204732122 0.35732958377967255
0 0.6572165563204018 0.14611264941203675 0.13081604134692337 0.2922252988240735
1 0.7517423311556125 0.12640482664836475 0.08146089753143902 0.20301506427544863
1 0.28366561982061195 0.4878730573740156 0.27549058096192003 0.6500833211309667
1 0.4643964497741257 0.5445517236712671 0.2687559251910166 0.7814285598072698
1 0.3151791204088489 0.7892612283237047 0.23000027707134052 0.28285995020602495
0 0.6960121938804501 0.6687409743033611 0.25330994234221577 0.48082348752034754
0 0.680828412311225 0.38933989289582244 0.1694924385422271 0.33628973242097243
1 0.7780655871917311 0.49575624773669685 0.15938522237320665 0.40820283404175284
0 0.6852121796304921 0.17425917692863171 0.14292280009059083 0.2527703523754143
1 0.47853276081172946 0.05493671941865528 0.11644052162345891 0.10987343883731056