1 0.7783854166666667 0.8027777777777778 0.19010416666666666 0.38333333333333336
0 0.6114583333333333 0.19074074074074074 0.08802083333333334 0.26481481481481484
1 0.7041666666666667 0.15925925925925927 0.053125 0.17407407407407408
1 0.27291666666666664 0.625462962962963 0.18697916666666667 0.5472222222222223
1 0.45651041666666664 0.638425925925926 0.15520833333333334 0.6972222222222222
1 0.33046875 0.9143518518518519 0.20416666666666666 0.16944444444444445
0 0.7002604166666667 0.7324074074074074 0.1859375 0.4324074074074074
0 0.65703125 0.43472222222222223 0.12708333333333333 0.2657407407407407
1 0.7625 0.5162037037037037 0.10260416666666666 0.35185185185185186
0 0.6424479166666667 0.2222222222222222 0.1125 0.19074074074074074
1 0.42161458333333335 0.09259259259259259 0.08802083333333334 0.18518518518518517