0 0.7005208333333334 0.7393518518518518 0.18541666666666667 0.4361111111111111
1 0.33098958333333334 0.300462962962963 0.134375 0.3074074074074074
1 0.6830729166666667 0.17592592592592593 0.0890625 0.2222222222222222
0 0.5893229166666667 0.15138888888888888 0.06354166666666666 0.1712962962962963
1 0.7216145833333333 0.30277777777777776 0.10677083333333333 0.2611111111111111
1 0.28541666666666665 0.8416666666666667 0.27708333333333335 0.30925925925925923
1 0.36041666666666666 0.3888888888888889 0.10989583333333333 0.387037037037037
1 0.44192708333333336 0.17777777777777778 0.0859375 0.337037037037037
1 0.7588541666666667 0.4634259259259259 0.1125 0.2675925925925926
0 0.65078125 0.4222222222222222 0.134375 0.30092592592592593
1 0.30364583333333334 0.6027777777777777 0.21354166666666666 0.412962962962963
0 0.6372395833333333 0.29583333333333334 0.14479166666666668 0.2916666666666667
1 0.77734375 0.7972222222222223 0.19479166666666667 0.39351851851851855