0 0.6637875303331708 0.7489646441554721 0.23084305964967627 0.45560639963851884
1 0.34983373299815956 0.23677719892123403 0.16700958130638904 0.3511684079693829
1 0.708869737620729 0.2080395572481059 0.11259959308467606 0.25082204097654337
0 0.6197230331183564 0.158516392494711 0.08162754033655091 0.19123874006485614
1 0.7326024977210184 0.34355762423012237 0.1345235186798381 0.2952241572659673
1 0.24512238804592557 0.7598102994497938 0.30822858529567143 0.4023575929286425
1 0.3688854898372336 0.332232999776913 0.1512642269496298 0.4208491410551442
1 0.47170960394533556 0.16317111994936184 0.12220579210932883 0.3263422398987237
1 0.7514717633938076 0.5125922094491965 0.14088262145337987 0.30381610458102903
0 0.6498373991586225 0.442763714908497 0.16640389026030106 0.3446653753227575
1 0.2895350255835183 0.5284673521912135 0.25670332383402794 0.48258833265650236
0 0.6507411808833216 0.31409233795250935 0.1751731992142131 0.3385502636487246
1 0.7329185190933908 0.7965397509891348 0.23473003717011592 0.35489598536403305