1 0.25885416666666666 0.6555555555555556 0.09479166666666666 0.37222222222222223
0 0.3104166666666667 0.6481481481481481 0.08072916666666667 0.3148148148148148
0 0.9028645833333333 0.6226851851851852 0.10208333333333333 0.2564814814814815
0 0.9401041666666666 0.4597222222222222 0.07708333333333334 0.1398148148148148
0 0.9265625 0.25324074074074077 0.03333333333333333 0.13148148148148148
1 0.7955729166666666 0.44351851851851853 0.05572916666666667 0.30092592592592593
0 0.9416666666666667 0.4009259259259259 0.07604166666666666 0.17407407407407408
0 0.3536458333333333 0.6157407407407407 0.1125 0.3888888888888889
0 0.46015625 0.42407407407407405 0.06822916666666666 0.21296296296296297
0 0.6197916666666666 0.37222222222222223 0.075 0.2
0 0.4200520833333333 0.475462962962963 0.0734375 0.20462962962962963
1 0.3653645833333333 0.9185185185185185 0.1140625 0.1574074074074074
1 0.6776041666666667 0.3976851851851852 0.078125 0.3175925925925926
0 0.8580729166666666 0.7453703703703703 0.10677083333333333 0.2777777777777778
0 0.81796875 0.5356481481481481 0.09322916666666667 0.4824074074074074
0 0.4671875 0.6953703703703704 0.125 0.39444444444444443
0 0.5424479166666667 0.6273148148148148 0.15052083333333333 0.3731481481481482
1 0.9614583333333333 0.25324074074074077 0.024479166666666666 0.23333333333333334