0 0.8858422919646126 0.34245442044215174 0.13490596788431286 0.2751144140546606
0 0.885050778475679 0.5364296844537455 0.14145357465212668 0.28230792788920395
0 0.3329996969059571 0.666671835396417 0.14080519556115903 0.2794708140820043
0 0.8759886730285984 0.1807741092490094 0.06101162232638681 0.15524502113394334
0 0.46283084705573835 0.7638359713875582 0.1936854105141414 0.4494478634565174
0 0.3973436563023064 0.5595175858469046 0.11094772050961552 0.22725193044857384
0 0.4421564516572916 0.4957459496821317 0.10094564202423809 0.2012432179484028
0 0.8284929082189317 0.7305671428133969 0.28272678182582306 0.39143182214566097
1 0.7688303500434616 0.42220076266492024 0.13341767616933567 0.37810608540530244
1 0.359923920387132 0.8184831731648969 0.1625523919276167 0.3630336536702061
1 0.6316704290845023 0.37632478624612353 0.12000372717757533 0.28907507391274684
0 0.3040404962472069 0.767153450769043 0.1628288700071122 0.35290320743748615
0 0.8962538053971536 0.42927134643643694 0.13881754303571062 0.27003354673447955
0 0.530767517209399 0.6696564100734204 0.21586866758475054 0.447369683092026