0 0.925 0.4222222222222222 0.10104166666666667 0.2222222222222222
0 0.54453125 0.6263888888888889 0.1453125 0.3787037037037037
0 0.4674479166666667 0.6916666666666667 0.1265625 0.37592592592592594
0 0.38723958333333336 0.5097222222222222 0.0765625 0.24351851851851852
0 0.6296875 0.4101851851851852 0.08125 0.2851851851851852
0 0.85625 0.7620370370370371 0.12395833333333334 0.23148148148148148
0 0.46953125 0.43194444444444446 0.06927083333333334 0.1712962962962963
0 0.3072916666666667 0.6430555555555556 0.096875 0.30462962962962964
1 0.7903645833333334 0.4634259259259259 0.08177083333333333 0.31203703703703706
1 0.66875 0.37824074074074077 0.07291666666666667 0.2324074074074074
0 0.925 0.2657407407407407 0.036458333333333336 0.14814814814814814
0 0.9018229166666667 0.6097222222222223 0.10260416666666666 0.2388888888888889
0 0.9234375 0.5199074074074074 0.10052083333333334 0.2462962962962963
1 0.3651041666666667 0.7537037037037037 0.10104166666666667 0.3574074074074074