0 0.91328125 0.5962962962962963 0.11875 0.24074074074074073
0 0.8432291666666667 0.8805555555555555 0.20104166666666667 0.2388888888888889
0 0.13307291666666668 0.8611111111111112 0.18072916666666666 0.15092592592592594
1 0.4544270833333333 0.3435185185185185 0.043229166666666666 0.10740740740740741
0 0.93828125 0.5231481481481481 0.0890625 0.17777777777777778
0 0.42083333333333334 0.2199074074074074 0.04791666666666667 0.14351851851851852
0 0.8486979166666667 0.7657407407407407 0.2484375 0.31296296296296294
0 0.21458333333333332 0.7587962962962963 0.103125 0.24351851851851852
0 0.2526041666666667 0.5930555555555556 0.13229166666666667 0.25833333333333336
0 0.7177083333333333 0.43333333333333335 0.09791666666666667 0.20555555555555555
0 0.42994791666666665 0.4625 0.14427083333333332 0.30648148148148147