0 0.43307291666666664 0.5310185185185186 0.08958333333333333 0.2074074074074074
1 0.67109375 0.37037037037037035 0.06770833333333333 0.25277777777777777
0 0.28958333333333336 0.6203703703703703 0.06979166666666667 0.24259259259259258
0 0.27395833333333336 0.7800925925925926 0.07760416666666667 0.24259259259259258
0 0.47890625 0.4462962962962963 0.08697916666666666 0.21296296296296297
0 0.8825520833333333 0.6560185185185186 0.13072916666666667 0.2611111111111111
0 0.92421875 0.2449074074074074 0.0390625 0.12685185185185185
0 0.6268229166666667 0.3939814814814815 0.10989583333333333 0.262037037037037
1 0.36223958333333334 0.7421296296296296 0.096875 0.32592592592592595
0 0.9359375 0.4263888888888889 0.09322916666666667 0.18425925925925926
0 0.925 0.55 0.0953125 0.19166666666666668
1 0.17890625 0.662962962962963 0.10208333333333333 0.3111111111111111
0 0.3419270833333333 0.5305555555555556 0.0765625 0.19074074074074074
0 0.9416666666666667 0.4634259259259259 0.0734375 0.11851851851851852
1 0.7921875 0.4759259259259259 0.0828125 0.32314814814814813
0 0.340625 0.5300925925925926 0.078125 0.1935185185185185