0 0.9659943755656478 0.489988324901132 0.0680112488687044 0.16495732669738986
0 0.9388725572890888 0.5674445581284421 0.11915231143586406 0.22392321574167226
0 0.9175634852815887 0.6458123567464125 0.13694493182546286 0.2805875570363258
0 0.31669865675495307 0.5599165082400547 0.16500429626157367 0.36714836404521417
0 0.4993072860825304 0.3447097857481588 0.08531136635259244 0.18809166104531225
1 0.37203342067268447 0.6349499492705389 0.15484143546987614 0.38141569289059274
1 0.8291827202170673 0.43728508347488093 0.11613072233759235 0.3412489722496596
0 0.6443593694158639 0.3251695375168094 0.10414565340885767 0.24489632728238125
1 0.7017843136351692 0.3467937385286463 0.11165830816854908 0.30293519693065807
0 0.9611693479109872 0.2694425483527423 0.06609932161490709 0.15515058146869437
0 0.9512875627789504 0.4494511646739016 0.09742487444209923 0.22527011649484452
0 0.7580206196986876 0.44547337190584557 0.14855271542586385 0.3272208518884351
0 0.5051908605721598 0.6347212741763711 0.1960259888472218 0.44031141946366764
0 0.5671313071948141 0.5723174240429104 0.1916770541315427 0.43604641599030214
0 0.27732946454640356 0.6761356659491037 0.11357259503626516 0.2682411490439268
0 0.35812521148313226 0.43223542706385604 0.10000542990898136 0.18179303937700272