0 0.9239583333333333 0.25462962962962965 0.042708333333333334 0.15
0 0.9223958333333333 0.55 0.09166666666666666 0.1925925925925926
0 0.9356770833333333 0.42685185185185187 0.09427083333333333 0.18425925925925926
0 0.94609375 0.46064814814814814 0.06041666666666667 0.12962962962962962
0 0.8619791666666666 0.6675925925925926 0.196875 0.26296296296296295
0 0.27369791666666665 0.7712962962962963 0.08802083333333334 0.2611111111111111
1 0.6705729166666666 0.3787037037037037 0.07760416666666667 0.26666666666666666
0 0.42942708333333335 0.5263888888888889 0.09947916666666666 0.23981481481481481
0 0.28984375 0.5810185185185185 0.07864583333333333 0.1824074074074074
1 0.7908854166666667 0.43472222222222223 0.0921875 0.27870370370370373
0 0.33880208333333334 0.5407407407407407 0.08385416666666666 0.17222222222222222
1 0.35911458333333335 0.7425925925925926 0.10572916666666667 0.31296296296296294
0 0.5317708333333333 0.6314814814814815 0.13229166666666667 0.40555555555555556
0 0.46875 0.4111111111111111 0.06666666666666667 0.1648148148148148