1 0.35260416666666666 0.7435185185185185 0.115625 0.30925925925925923
0 0.4953125 0.7092592592592593 0.134375 0.37037037037037035
1 0.7098958333333333 0.8893518518518518 0.16666666666666666 0.2212962962962963
0 0.5424479166666667 0.6291666666666667 0.15104166666666666 0.37592592592592594
0 0.6380208333333334 0.4023148148148148 0.09270833333333334 0.25277777777777777
0 0.4203125 0.4828703703703704 0.078125 0.2212962962962963
0 0.2747395833333333 0.7708333333333334 0.0796875 0.2564814814814815
0 0.8661458333333333 0.6472222222222223 0.14791666666666667 0.2796296296296296
0 0.75390625 0.5 0.10364583333333334 0.2518518518518518
1 0.67578125 0.3907407407407407 0.07239583333333334 0.25
0 0.2830729166666667 0.5773148148148148 0.07447916666666667 0.21203703703703702
1 0.7986979166666667 0.4305555555555556 0.0703125 0.2657407407407407
0 0.34010416666666665 0.5541666666666667 0.07708333333333334 0.2490740740740741
0 0.46901041666666665 0.43194444444444446 0.0640625 0.18055555555555555
0 0.9223958333333333 0.5518518518518518 0.09739583333333333 0.18703703703703703
0 0.9419270833333333 0.46111111111111114 0.06510416666666667 0.12685185185185185
0 0.9361979166666666 0.42777777777777776 0.09270833333333334 0.1814814814814815