0 0.91875 0.5462962962962963 0.09270833333333334 0.18425925925925926
0 0.49713541666666666 0.4444444444444444 0.1109375 0.2037037037037037
0 0.88984375 0.6231481481481481 0.09947916666666666 0.22407407407407406
0 0.2921875 0.5907407407407408 0.06354166666666666 0.2037037037037037
1 0.671875 0.37546296296296294 0.071875 0.2712962962962963
1 0.7947916666666667 0.4324074074074074 0.078125 0.29259259259259257
0 0.6119791666666666 0.36944444444444446 0.06875 0.20185185185185187
0 0.9346354166666667 0.2962962962962963 0.049479166666666664 0.2611111111111111
0 0.3528645833333333 0.5222222222222223 0.0921875 0.2037037037037037
0 0.559375 0.6458333333333334 0.16145833333333334 0.3398148148148148
0 0.421875 0.4759259259259259 0.08333333333333333 0.23148148148148148
0 0.4940104166666667 0.7018518518518518 0.1328125 0.37037037037037035
0 0.93515625 0.4273148148148148 0.09427083333333333 0.18425925925925926
1 0.36015625 0.7361111111111112 0.10052083333333334 0.31851851851851853
0 0.9393229166666667 0.46064814814814814 0.07291666666666667 0.1259259259259259