0 0.34427083333333336 0.575925925925926 0.07864583333333333 0.2953703703703704
1 0.69765625 0.375 0.11302083333333333 0.2537037037037037
1 0.36770833333333336 0.75 0.09583333333333334 0.37592592592592594
1 0.7950520833333333 0.44212962962962965 0.07760416666666667 0.30462962962962964
0 0.47552083333333334 0.41759259259259257 0.10520833333333333 0.22407407407407406
0 0.8981770833333333 0.6175925925925926 0.10989583333333333 0.24444444444444444
0 0.86953125 0.7578703703703704 0.1328125 0.262037037037037
0 0.425 0.475 0.084375 0.19814814814814816
0 0.3065104166666667 0.6513888888888889 0.0859375 0.30277777777777776
1 0.8815104166666666 0.43657407407407406 0.0828125 0.41203703703703703
0 0.5979166666666667 0.4375 0.08541666666666667 0.4287037037037037
0 0.5440104166666667 0.638425925925926 0.14635416666666667 0.3490740740740741
0 0.4661458333333333 0.6990740740740741 0.12395833333333334 0.387037037037037
0 0.9356770833333333 0.4675925925925926 0.08020833333333334 0.14907407407407408
0 0.9421875 0.4046296296296296 0.07135416666666666 0.18425925925925926
0 0.92734375 0.25462962962962965 0.03177083333333333 0.13240740740740742