0 0.5111836880963813 0.5290993749727373 0.17326778437604798 0.41632997668052646
0 0.5414569513768691 0.3461623062374994 0.11185668769539585 0.39383257341563377
0 0.8975556259254389 0.4164887474322724 0.10844580747162903 0.2168333455287129
0 0.9237835842253568 0.3284590861044419 0.07350989267132159 0.14876254683753512
0 0.9172695899658366 0.29339345244390297 0.10624407496813267 0.21366629280550667
0 0.31824724930072856 0.4916658051371143 0.09795920844132032 0.32234443550769
1 0.7861379891359996 0.3151399962281164 0.12072577981039648 0.3109830379030191
1 0.6670967989572854 0.259306195568333 0.08413289170472638 0.2646478677522781
0 0.26674752647866357 0.5361935890125819 0.11085325726494387 0.27331482701019416
0 0.44955767903964977 0.344503559827583 0.07287127524474499 0.20651196775272573
0 0.8568229595338365 0.5357037402409128 0.15693892946385712 0.26355499476381544
1 0.32666155531472446 0.6761002649418654 0.12112821397356678 0.30830257886159834
0 0.4022676668671593 0.4236089857512706 0.09990021673969002 0.2951505701480549
0 0.7325073887894601 0.37935552138892115 0.12346388617247991 0.29036797276122267
0 0.6143700404506822 0.2962555652825015 0.1299429142501791 0.3090310714537434