0 0.9588178951599328 0.6822377214118848 0.06410391342669683 0.15202971415816532
0 0.48931944237552577 0.49684332611958953 0.0923402293901314 0.2208818586012666
0 0.47300100675312345 0.7444131535717285 0.142878217947793 0.3694553596882212
0 0.5551464061879865 0.7344238696895458 0.1716952947328906 0.4209095490114443
0 0.3249566255152256 0.7020084769996737 0.10580058243646787 0.3192218483610622
1 0.8039655752675565 0.6173689237072484 0.09688505224628775 0.29544252635712637
0 0.27403058291754545 0.85365491023528 0.16685937344831103 0.2926901795294401
0 0.9357285876052575 0.7603881330689355 0.10407681403311196 0.2138609302782209
0 0.882641449542934 0.907125964141377 0.16051090460365244 0.18574807171724586
1 0.19344976033757916 0.6083316672023095 0.11237591411566832 0.27345940718419665
1 0.686744521435432 0.5051694015997654 0.08167100565137038 0.26864352766505306
0 0.9346761506747111 0.4630421655304668 0.05247577267678309 0.1434072204768275
0 0.4288870951186546 0.5541952186063966 0.08440787441347244 0.2544126252683811
0 0.9370320683748351 0.6320973350294827 0.10568926647303319 0.25562491568124457
0 0.9183192122949196 0.8179471103030121 0.12548093313969985 0.25932302766281473
0 0.6446554902800903 0.5406104650006439 0.09873865067471096 0.3068455936773087