0 0.35935943520661445 0.6294722283246628 0.0863841998889228 0.30760258165964294
1 0.7074808219592907 0.48351024517868074 0.11966758078233491 0.27128244443067173
1 0.3873574772519149 0.8058879812059803 0.10568216349499267 0.3882240375880395
1 0.806635374964349 0.5657883748817806 0.08558511524594223 0.3166998248753358
0 0.48646128260158056 0.49155291648071164 0.11107881830653928 0.2404376944742932
0 0.9143573043132023 0.7572909261578296 0.11629999875864883 0.2615371370407129
0 0.8893865886387147 0.8758831107208217 0.13967757127031935 0.24823377855835668
0 0.4374444578151016 0.5411025457751426 0.08956625530688456 0.21127144767703668
0 0.3235760620329902 0.6990621097083393 0.09386993217453844 0.3161441013720163
1 0.8929481590834706 0.5736801509422467 0.09360740005403562 0.42491731250057596
0 0.6093786672858392 0.5304972090071859 0.0966482143633371 0.4419890192761588
0 0.5607364471998295 0.7230388046785441 0.15549950895963605 0.37183732819517096
0 0.4844607761216408 0.7715762535700944 0.13409826192341612 0.40631694622145376
0 0.947927475529486 0.6131235037262246 0.08411390391468103 0.16154930942869644
0 0.9527883344350865 0.5511731410355524 0.07618154893802184 0.19535735824356631
0 0.9340147556513703 0.3988644124147293 0.03523975627204597 0.13734889673618647