1 0.3532460841943337 0.6573100321284511 0.1435563172112622 0.353550501092839
0 0.49718222269877355 0.6316705733646382 0.16793732479039983 0.42100374294019144
1 0.7021809680977792 0.7958528553484522 0.18522830106440366 0.22440607985508862
0 0.5479449089599462 0.5545477856939387 0.18481621477771454 0.43285525889651516
0 0.6536714402402927 0.33274445544625736 0.11559314329498563 0.2883079808707816
0 0.43281024969525966 0.4000837390854061 0.0981200280098566 0.25053053898853195
0 0.2743128631803798 0.6798084366246923 0.10311436562705036 0.2872897142739092
0 0.8700131138394352 0.5927313192710866 0.17323409224297565 0.33510081820812015
0 0.7648061214061792 0.4381170091375609 0.12655186562705037 0.29093507525415596
1 0.691878412078066 0.32354962510444674 0.09511086463846728 0.27774126061382687
0 0.2915662572743973 0.486168825942909 0.093741138022542 0.24062321555500654
1 0.8126666421540322 0.37120249181978326 0.0944087552848373 0.2923940593850752
0 0.3493951171223188 0.46648828336592707 0.09979836463846717 0.2784703328098761
0 0.48372060608314 0.3522086261031566 0.08047713406820924 0.20534568969887493
0 0.9303639096190016 0.5006434532605792 0.11410758005044978 0.22349316605596675
0 0.9541714827369755 0.4105224450711966 0.07664207214178446 0.15123694588625486
0 0.9476825389604566 0.37678973795352855 0.10463492207908681 0.21628261237843582