1 0.3015174854210659 0.6627965523014073 0.13832241742297136 0.4146338884469441
0 0.3512370740342131 0.6329862645043974 0.1177259368103004 0.35104254748926017
0 0.9291165409011292 0.35198672368428463 0.132353071461948 0.3023048952008357
0 0.9463735547565427 0.17713969144148733 0.09369143647416488 0.17375695511540148
0 0.9090250747577336 0.027366241580019723 0.048692198849753274 0.054732483160039445
1 0.8028675459288416 0.22354142585685063 0.09091944563800164 0.3267321662269603
0 0.941196287799036 0.11887864819515512 0.09656506419810569 0.20738224465780616
0 0.38966591083139984 0.5829001292123076 0.1579100823577112 0.4394336592520963
0 0.47178679073306157 0.3497629653824671 0.09333437278026224 0.24354341306762928
0 0.6221238597067782 0.230264538048201 0.09862649687228213 0.23350280805644633
0 0.4384952314530094 0.4170774469710771 0.09720967773049764 0.2369145555510788
1 0.4357118049830195 0.8531829663600548 0.13120238680374358 0.16789825990650756
1 0.6819176921741481 0.22981835025163885 0.11523103078729544 0.35333373158525244
0 0.8994287982490052 0.4909144864276183 0.13947715661124202 0.3256949422593432
0 0.8356634991084119 0.3036910654008222 0.14991166940699968 0.5252556100152028
0 0.5104008125245881 0.6111744202858499 0.17125869762202986 0.4501999609943573
0 0.5763027760116847 0.5125828802022064 0.19411347418916733 0.43976448931561235
1 0.9433327094934152 0.04447643428242698 0.052031908259134715 0.08895286856485396