1 0.6863120335108185 0.3059123741088943 0.08734128729346083 0.24085033620279453
0 0.9470940955817688 0.3787933102738051 0.10581180883646227 0.21645887217858478
0 0.9322016010523373 0.5041428580572119 0.10820438063915011 0.2185049651747241
0 0.9442774712006048 0.20190908489790532 0.052946439925866194 0.15621571661720093
0 0.9578811581312461 0.41602141580995794 0.06686343671965057 0.15055647950838125
0 0.5634863284261099 0.618201191284864 0.218300302959103 0.5333062266457445
0 0.4365716314831129 0.443236090381753 0.09751655492764695 0.2827565238092604
1 0.35806387791146116 0.6859706519604473 0.1268535284905044 0.3215027966397172
0 0.645790374859691 0.3295135359029366 0.09379135420200745 0.25181248596512995
0 0.3558730545622108 0.46811907117547136 0.09965940828569148 0.23314500609783556
0 0.30922623305533165 0.5254323149651299 0.10592098039727015 0.20806079179715556
1 0.8028199764319097 0.37635787222598327 0.10159889787962725 0.3054319753681537
0 0.8810475101254464 0.6376636558629356 0.1779431430703037 0.3038386803271315
0 0.47802499966283657 0.374037943549005 0.07118883817092936 0.2120560729080675