0 0.9359375 0.425462962962963 0.09427083333333333 0.1814814814814815
0 0.9494791666666667 0.4625 0.05520833333333333 0.12777777777777777
0 0.9239583333333333 0.5518518518518518 0.0953125 0.18796296296296297
0 0.9239583333333333 0.2490740740740741 0.040625 0.13518518518518519
0 0.46510416666666665 0.42777777777777776 0.05625 0.1814814814814815
1 0.671875 0.37546296296296294 0.06875 0.2638888888888889
0 0.3515625 0.5407407407407407 0.08020833333333334 0.23703703703703705
0 0.30494791666666665 0.6157407407407407 0.1078125 0.26296296296296295
0 0.6203125 0.3768518518518518 0.05416666666666667 0.2
1 0.78984375 0.43287037037037035 0.0859375 0.2861111111111111
1 0.35625 0.7425925925925926 0.10833333333333334 0.3111111111111111
0 0.8833333333333333 0.6837962962962963 0.15833333333333333 0.2638888888888889
0 0.42265625 0.5101851851851852 0.07760416666666667 0.29259259259259257
0 0.53203125 0.6347222222222222 0.13072916666666667 0.4064814814814815