0 0.8424479166666666 0.8833333333333333 0.19895833333333332 0.23333333333333334
0 0.42552083333333335 0.48333333333333334 0.13125 0.3314814814814815
0 0.90546875 0.5555555555555556 0.15052083333333333 0.22407407407407406
0 0.71640625 0.43657407407407406 0.09010416666666667 0.1712962962962963
1 0.43307291666666664 0.19907407407407407 0.05572916666666667 0.20555555555555555
0 0.8427083333333333 0.7527777777777778 0.22291666666666668 0.31666666666666665
0 0.10546875 0.8675925925925926 0.11510416666666666 0.16666666666666666
0 0.25494791666666666 0.6023148148148149 0.1265625 0.21944444444444444
0 0.4010416666666667 0.23657407407407408 0.028125 0.17685185185185184
0 0.9096354166666667 0.6157407407407407 0.12708333333333333 0.24259259259259258
0 0.1953125 0.7518518518518519 0.1140625 0.30648148148148147
0 0.14427083333333332 0.9462962962962963 0.09479166666666666 0.10740740740740741