0 0.9145070774240177 0.6814227517923332 0.07704836006521514 0.1457488879260129
0 0.9107940918696928 0.6470099526100943 0.12343510487264714 0.22025465223524465
0 0.41291230310692684 0.4642434939822697 0.11818640036914019 0.2478384848471534
0 0.2508113199181731 0.6144793763795573 0.15066973472991332 0.42735029340864505
0 0.33680388340716066 0.463735679649381 0.12344829580411011 0.23505330495290386
0 0.5173615679648077 0.6621466272180462 0.2246746355112594 0.4453698898483474
0 0.47525161680201733 0.42724557046060446 0.106114098806448 0.21601759932540102
1 0.3109516800356825 0.6891120942720113 0.1510912368893816 0.3524472659915794
1 0.7788827578165365 0.6178886178353762 0.1203752611541778 0.3662923549770489
0 0.9243842265596154 0.501435212831253 0.07046379652393284 0.20843709523732817
0 0.44491956637135377 0.7118085149052931 0.20130388854435896 0.4464944473281902
1 0.6709452477913123 0.48059322750485856 0.11277081328288456 0.2707926878294325
1 0.6241119118893798 0.9146894836425822 0.20260876619293738 0.17062103271483567
0 0.6173424845791798 0.44880361471091146 0.11417342535375946 0.2375401649818779
0 0.8441627976590366 0.8247728600182339 0.13066621478405363 0.26209910197062464
0 0.7261683688076772 0.6120814983074002 0.12761416409499257 0.3073240134665934
0 0.8738828757998022 0.7524651409221852 0.12444339502276401 0.2193610505036304