0 0.49453125 0.7101851851851851 0.1328125 0.3851851851851852
0 0.9356770833333333 0.4273148148148148 0.09479166666666666 0.18055555555555555
0 0.9421875 0.45787037037037037 0.06510416666666667 0.11944444444444445
0 0.92578125 0.5509259259259259 0.09583333333333334 0.19074074074074074
0 0.46640625 0.412962962962963 0.0578125 0.14074074074074075
0 0.2877604166666667 0.575 0.0765625 0.20555555555555555
1 0.7986979166666667 0.44351851851851853 0.07135416666666666 0.27037037037037037
0 0.27447916666666666 0.7754629629629629 0.08333333333333333 0.2490740740740741
1 0.6841145833333333 0.37962962962962965 0.06510416666666667 0.26481481481481484
0 0.87578125 0.6412037037037037 0.1296875 0.2712962962962963
0 0.3380208333333333 0.5287037037037037 0.07604166666666666 0.17777777777777778
0 0.7552083333333334 0.4986111111111111 0.10625 0.25277777777777777
0 0.6424479166666667 0.40185185185185185 0.10052083333333334 0.2518518518518518
0 0.42265625 0.48194444444444445 0.07864583333333333 0.21574074074074073
1 0.3619791666666667 0.7398148148148148 0.10260416666666666 0.3314814814814815
0 0.5447916666666667 0.6259259259259259 0.14166666666666666 0.37222222222222223
1 0.7096354166666666 0.8796296296296297 0.16614583333333333 0.23148148148148148