0 0.4119791666666667 0.4875 0.078125 0.21203703703703702
0 0.2908854166666667 0.6217592592592592 0.0765625 0.2657407407407407
0 0.475 0.42268518518518516 0.10104166666666667 0.23425925925925925
0 0.33984375 0.5291666666666667 0.07760416666666667 0.18055555555555555
0 0.7252604166666666 0.46944444444444444 0.1328125 0.2759259259259259
0 0.90390625 0.5597222222222222 0.08697916666666666 0.24722222222222223
0 0.94375 0.39490740740740743 0.06875 0.1638888888888889
0 0.45546875 0.42407407407407405 0.06197916666666667 0.23703703703703705
1 0.8059895833333334 0.4486111111111111 0.05677083333333333 0.30092592592592593
0 0.925 0.25601851851851853 0.034895833333333334 0.12685185185185185
0 0.9268229166666667 0.462037037037037 0.10208333333333333 0.14629629629629629
0 0.47552083333333334 0.7018518518518518 0.14791666666666667 0.4222222222222222
0 0.5471354166666667 0.6296296296296297 0.1640625 0.3907407407407407
1 0.36328125 0.7328703703703704 0.1078125 0.3398148148148148