1 0.817577100636949 0.46568238557647595 0.07807265946287174 0.3495272359667063
0 0.9312385112591147 0.28898838027198975 0.04503337533259189 0.19894543329325212
0 0.5644968742438851 0.60479363884759 0.2129073366058241 0.44577160775159375
0 0.624257171716577 0.4112545451351582 0.07718315424825803 0.2588295917202955
0 0.7644798672989097 0.4733743342055674 0.08414627180598729 0.23306527764810692
1 0.6825804743568246 0.3962683173962754 0.08322080863769041 0.25247739972180383
0 0.36984966375348205 0.5336829705542318 0.1002062367281751 0.21489153108422787
0 0.5172496619054753 0.7116135321686679 0.14858723137238694 0.3889231573661399
1 0.7608570451305748 0.9120792873847507 0.20710868411145664 0.17584142523049856
0 0.43564174974118036 0.4924802399037798 0.0849452577748624 0.22567941848786438
1 0.38685650661556853 0.7588822918405078 0.121893603338372 0.32082418096517057
0 0.9593980111649983 0.46537759351196256 0.06052724729857696 0.1317191609024641
0 0.9366831733998804 0.550497809604569 0.09880568586534721 0.1880289051087937
0 0.3159452531548454 0.6676614538981785 0.08332160158448142 0.31910096989414066
0 0.5006451234610559 0.42720343517925385 0.10180934551645132 0.18438984614658482
0 0.9143855645880751 0.6245230757714378 0.11288824725151869 0.2207056656057632
0 0.9481496980249363 0.43183416476877073 0.10009517008033177 0.17972789414620768