0 0.28515625 0.6143518518518518 0.08802083333333334 0.2675925925925926
0 0.5153645833333333 0.662962962962963 0.16510416666666666 0.4222222222222222
0 0.41848958333333336 0.4837962962962963 0.07864583333333333 0.1935185185185185
0 0.6325520833333333 0.39166666666666666 0.07239583333333334 0.26296296296296295
0 0.8778645833333333 0.649537037037037 0.13489583333333333 0.2712962962962963
0 0.9356770833333333 0.42407407407407405 0.09322916666666667 0.18425925925925926
0 0.9401041666666666 0.462037037037037 0.06927083333333334 0.12222222222222222
0 0.9229166666666667 0.549537037037037 0.08802083333333334 0.1935185185185185
0 0.25078125 0.6912037037037037 0.10885416666666667 0.42314814814814816
0 0.46875 0.4125 0.06979166666666667 0.15462962962962962
1 0.66875 0.34629629629629627 0.07291666666666667 0.2074074074074074
1 0.7864583333333334 0.43657407407407406 0.0875 0.2675925925925926
1 0.36015625 0.7398148148148148 0.10364583333333334 0.31666666666666665
0 0.34140625 0.5388888888888889 0.0828125 0.2074074074074074
0 0.9213541666666667 0.2574074074074074 0.04479166666666667 0.15555555555555556