0 0.4114720388843169 0.5495062761975971 0.10595458375350261 0.22363905916199697
1 0.6603572891364184 0.4340830540884655 0.0878382469563159 0.26500295801321333
0 0.2620530990303323 0.6117005385939609 0.08903654481077676 0.25584070089143124
0 0.23398666255616735 0.7677499160766893 0.09688546502533063 0.2572516375047426
0 0.46352609045473264 0.47384197280150836 0.10408977170749267 0.22906527853424988
0 0.8478596803796373 0.7575942717737295 0.1515146441516194 0.2855820442247888
0 0.921345607580307 0.356074591244876 0.04892167046665558 0.13419754133083966
0 0.6145950116192839 0.44934171468009865 0.13060847038917842 0.2824368305399092
1 0.32462618211156413 0.7464595201068563 0.1226319580976238 0.3438271866604324
0 0.9188583253131865 0.5387730050647147 0.10768466527087525 0.20157850716890338
0 0.8981654403254036 0.6600090388892532 0.11058019365397342 0.20914758480543919
1 0.14868448904582773 0.6334362554222279 0.12677315487931515 0.3302293041839747
0 0.32106008500685107 0.5318269481639766 0.09172093301031162 0.2052057813779365
0 0.9215499732904198 0.5765316774313202 0.08315098960843983 0.1326278846516318
1 0.7723075380183535 0.5612332877608279 0.10838735702485422 0.338324537793509
0 0.3197762117807947 0.5312831500864494 0.0933926936539733 0.20808056129319116