0 0.2869023295070129 0.8358410218281501 0.1068682114452674 0.23831179657226112
0 0.9316598661918131 0.23770222691648973 0.0709928959267188 0.14344243228274198
0 0.9168332747868481 0.2062633653320913 0.11385678406778273 0.22047263815555995
1 0.650624818751857 0.2666596314750089 0.09327550721370177 0.26570530579388896
0 0.8935421865708536 0.05976102970179966 0.05614635919758086 0.11952205940359932
1 0.3697615146701524 0.7458393389968577 0.14466973981679723 0.3555489602486777
0 0.3089891507218142 0.6461068700283066 0.13253501834239997 0.28138177194780384
0 0.42440721373308027 0.5049969700338053 0.11667311656535541 0.2336782297263148
0 0.33663721582248235 0.54553243580224 0.09806508234349967 0.20883168132362345
0 0.8919612133151998 0.4549636534536854 0.17401425512429966 0.3055856743212855
1 0.7751426550103531 0.3003595658105909 0.12421527403865298 0.37675607953449103
0 0.6096540473302212 0.3074574119328197 0.13824345684858297 0.31242258471894313
0 0.4658573621670817 0.40313660418644176 0.10744966358743101 0.2420640259975233
0 0.9158366340065978 0.33070335092601155 0.11501968835210997 0.22797709700608412