0 0.9497612235822946 0.6101364098660044 0.0968013861485981 0.21804635207764136
0 0.8807970498724292 0.8476385282327362 0.2384059002551415 0.3047229435345276
0 0.4264052007929468 0.2648697860846774 0.05409619815896498 0.1790761606109032
0 0.290544944598422 0.6127150181740493 0.15126834631994465 0.23693339028704247
0 0.4530551669654475 0.5141340258286682 0.16186638688178878 0.3548656629305438
0 0.7452997677624235 0.5160395698246266 0.11905957867300429 0.22656591386457456
0 0.2208376741919438 0.7346756151892978 0.1661441097987074 0.3396101794053868
0 0.1457320468617793 0.8354146730987461 0.10914030612469575 0.18144210931831267
0 0.18695212951966356 0.9281147997381254 0.10651427291490391 0.11950212372439258
0 0.8796213723509089 0.9268779834817404 0.2142078533054016 0.14624403303651906
0 0.9340569762213129 0.7337291639408114 0.1318860475573743 0.2670036886270143