0 0.4587942976829303 0.7412743702465885 0.16723422756717465 0.4061464188701132
0 0.909930432114035 0.444947313110852 0.11116732499697808 0.1950970256874218
0 0.9157307781929405 0.4750457864049542 0.07614014154211783 0.12926809404899145
0 0.8966054490277846 0.5686495456579307 0.1133319846781878 0.205379213010084
0 0.43919564908754083 0.44499717151148277 0.07062836936040462 0.15014404774955356
0 0.2552203546663728 0.6124706749922678 0.09482753639366663 0.2171458162774966
1 0.7720355199821413 0.4651956638311372 0.09553446163772795 0.28176662681735715
0 0.2357345612872491 0.8138536831796473 0.10578847560864185 0.2621076054551521
1 0.6587769228611914 0.4047282638483542 0.08890126911332175 0.27489713678596733
0 0.843598582301362 0.6606145548952 0.154250987495467 0.2918695214313162
0 0.30692906973908746 0.5645679823510442 0.09214361605097375 0.18930337040806733
0 0.726604962139952 0.5218520324014282 0.1290335930105139 0.26908585902703797
0 0.6163313652022999 0.4285789301399262 0.12324968455464619 0.26780425859702933
0 0.39320438107400524 0.5155585959935755 0.09808860453074383 0.22841859761773592
1 0.3247931296076239 0.7752396533052307 0.13212414509258796 0.34769256059326475
0 0.5116783885516137 0.6558070095137133 0.17537675097422986 0.3946590606121129
1 0.6697451653936558 0.8879703874334273 0.18747798259409904 0.22405922513314552