1 0.4515625 0.8810185185185185 0.20104166666666667 0.23796296296296296
0 0.5408854166666667 0.6287037037037037 0.1453125 0.3814814814814815
0 0.47734375 0.6981481481481482 0.15364583333333334 0.4148148148148148
0 0.2760416666666667 0.549537037037037 0.04375 0.10092592592592593
0 0.9239583333333333 0.25416666666666665 0.034895833333333334 0.13055555555555556
0 0.7559895833333333 0.44675925925925924 0.08802083333333334 0.21388888888888888
0 0.41484375 0.4777777777777778 0.0734375 0.21481481481481482
0 0.33932291666666664 0.5356481481481481 0.08489583333333334 0.2101851851851852
1 0.30520833333333336 0.7523148148148148 0.11145833333333334 0.39166666666666666
0 0.9268229166666667 0.4273148148148148 0.0984375 0.22870370370370371
0 0.9377604166666667 0.47638888888888886 0.08072916666666667 0.17037037037037037
0 0.7453125 0.6425925925925926 0.09479166666666666 0.4722222222222222
0 0.23229166666666667 0.6208333333333333 0.06354166666666666 0.2712962962962963
0 0.45260416666666664 0.4217592592592593 0.057291666666666664 0.2064814814814815
1 0.7986979166666667 0.4412037037037037 0.06614583333333333 0.3101851851851852