0 0.9028956195262943 0.5682952793175138 0.19420876094741146 0.3348912497498026
0 0.8830419273937197 0.43592305601311393 0.23391614521256063 0.46168574834597026
0 0.21658520775352277 0.9356407028216838 0.1263751985889146 0.09288708036698255
0 0.2802051389145906 0.8033300790332437 0.19496866960011233 0.34244071693283035
0 0.31534032592327343 0.6648236928476574 0.17378970639216007 0.29561467404603664
0 0.9278925173655286 0.25579235642082887 0.14421496526894279 0.27831921595501524
0 0.4530800517946328 0.4469724582654774 0.19504380118108872 0.4084642538612214
0 0.3868561708175623 0.21694598761862416 0.06961168616514221 0.18463977691717592
1 0.4217802327064278 0.14533237271346558 0.0676196150159465 0.2136262768085298
0 0.9301361178151175 0.18848256001588645 0.1397277643697649 0.2996298505652327
0 0.7244631914088513 0.21115660595333935 0.12562270468580247 0.2641977149772001