0 0.9189579307010746 0.6054869653326356 0.16009703217152094 0.28433072338081994
0 0.47748864707246913 0.5971111032226873 0.1991741739906427 0.495333007131872
0 0.5699248379827747 0.5456396422224139 0.23085777779062866 0.46312406791670524
0 0.952134160584236 0.5010714560627255 0.0957316788315282 0.17282065625071422
0 0.9525637317334316 0.4469073139392007 0.09487253653313678 0.1906157563045743
0 0.5121913468691955 0.3131712573228083 0.14478614523183697 0.277646734438071
1 0.838333612954956 0.3780033554828202 0.1020140338778783 0.2957632674858247
0 0.31275505057718284 0.49481384375803195 0.1309739802715279 0.2978145973471741
0 0.37014843325097285 0.42872603613518434 0.1381864827064278 0.24246255907014255
0 0.9660970693278398 0.2565303020653026 0.06780586134432033 0.20996652064781032
0 0.43745945664143293 0.3705106185172205 0.10599414352547948 0.2470992574205691
0 0.7960823349343308 0.4134877576822513 0.13830119640328747 0.33680524487532487
1 0.3767312207812011 0.6221407763799273 0.1646844602937828 0.39420760319644865