0 0.9447916666666667 0.4652777777777778 0.05572916666666667 0.1388888888888889
0 0.91796875 0.5486111111111112 0.09114583333333333 0.1814814814814815
0 0.9013020833333333 0.6305555555555555 0.10052083333333334 0.23425925925925925
0 0.30182291666666666 0.6689814814814815 0.11614583333333334 0.3138888888888889
0 0.46979166666666666 0.41805555555555557 0.06041666666666667 0.16018518518518518
1 0.3609375 0.7319444444444444 0.103125 0.33425925925925926
1 0.8015625 0.44212962962962965 0.06770833333333333 0.3101851851851852
0 0.6122395833333333 0.36898148148148147 0.07135416666666666 0.21203703703703702
1 0.6703125 0.37824074074074077 0.06979166666666667 0.2712962962962963
0 0.9223958333333333 0.24861111111111112 0.0453125 0.13425925925925927
0 0.9354166666666667 0.4263888888888889 0.09427083333333333 0.1814814814814815
0 0.7317708333333334 0.4648148148148148 0.10520833333333333 0.27870370370370373
0 0.49270833333333336 0.7041666666666667 0.1375 0.3768518518518518
0 0.5502604166666667 0.6296296296296297 0.13385416666666666 0.37407407407407406
0 0.26953125 0.7921296296296296 0.07760416666666667 0.2324074074074074
0 0.33515625 0.5337962962962963 0.07760416666666667 0.14537037037037037