1 0.4721058140077518 0.7762218414834393 0.23690204665484013 0.32567292760182276
0 0.5690247702246306 0.5340131741028237 0.2031544061464468 0.4525338678089851
0 0.5031937526815143 0.5985559205174908 0.21628858190453618 0.48987719058106505
0 0.3048568801107711 0.4324150974886657 0.0590780114051442 0.12231388268891713
0 0.9637765223340228 0.18945155175530404 0.05450442185210728 0.1479325130625434
0 0.7899241471367557 0.36904179851192187 0.12047001714858231 0.2569731077844278
0 0.44632320945639053 0.37169498031032855 0.10617628812141493 0.25049465575471647
0 0.3689190960996677 0.4239926282317792 0.11705598086462317 0.25172686741568534
1 0.32880101288893193 0.6385902932351043 0.17086273947978015 0.44616222350481943
0 0.9477432121442132 0.3636772539710145 0.1045135757115735 0.276826606420434
0 0.959198705366512 0.4142445001163813 0.08160258926697612 0.2094445998271626
0 0.7739678587025386 0.5652806516764184 0.166170127279918 0.5193123912874811
0 0.2590195706219895 0.5005114341912852 0.1042629684252157 0.3022447489673063
0 0.4857359611303829 0.3189262908878612 0.08870031985966272 0.2342431021831519
1 0.8330371312676319 0.36709626655886163 0.11299868046726426 0.3432927852603466