0 0.9328811208973126 0.4164421168553667 0.09917099021179444 0.20169948897980766
0 0.5093001871369371 0.36704127963053673 0.11845467066390399 0.22498614813437542
0 0.9051827934915394 0.4969855000229386 0.10750575958031164 0.2426484160995882
0 0.30671317569459866 0.5389352710715237 0.07101032092583352 0.21576256630024668
1 0.6831593336080201 0.2763156503636511 0.08163533636540923 0.2847322952631548
1 0.8068836625298313 0.3179674174036241 0.08846753322225615 0.30792661374677616
0 0.6230573055545535 0.277761202498356 0.0761701378544295 0.21472079466622748
0 0.9445727020256364 0.1640697990559154 0.05897266280602101 0.27106376514128927
0 0.36616450179072474 0.4627501618453235 0.09968041246153542 0.2211439334242521
0 0.574781112556849 0.5609255938553106 0.17360738461445965 0.37004297932795555
0 0.43454348717821534 0.4079541094557765 0.09155399186592726 0.24754457483171438
0 0.5103148007287467 0.6253397752775599 0.14625864709025543 0.39529817578128906
0 0.9472239876607961 0.2952098296071088 0.10073349021179444 0.20194251304515745
1 0.3769886089723934 0.6762919334793428 0.1120634295552442 0.33741689263116564
0 0.9520035329460664 0.3279356027770677 0.07730596526020292 0.1392809168710011