0 0.9190104166666667 0.48564814814814816 0.07864583333333333 0.20277777777777778
0 0.84609375 0.7666666666666667 0.2171875 0.32222222222222224
0 0.40520833333333334 0.23472222222222222 0.03854166666666667 0.1712962962962963
0 0.25859375 0.611574074074074 0.13177083333333334 0.21203703703703702
0 0.4244791666666667 0.48148148148148145 0.13229166666666667 0.3296296296296296
0 0.7169270833333333 0.4287037037037037 0.10052083333333334 0.2074074074074074
0 0.18515625 0.7476851851851852 0.13802083333333334 0.3138888888888889
0 0.10703125 0.8634259259259259 0.09427083333333333 0.1638888888888889
0 0.14557291666666666 0.9495370370370371 0.09739583333333333 0.10092592592592593
0 0.8388020833333333 0.8819444444444444 0.19479166666666667 0.2361111111111111
0 0.9075520833333334 0.611574074074074 0.12604166666666666 0.24351851851851852