0 0.8997395833333334 0.6333333333333333 0.1234375 0.21481481481481482
0 0.4622395833333333 0.7023148148148148 0.1265625 0.42314814814814816
0 0.5505208333333333 0.6351851851851852 0.16770833333333332 0.3685185185185185
0 0.9265625 0.524537037037037 0.07395833333333333 0.13148148148148148
0 0.93203125 0.46944444444444444 0.08802083333333334 0.14074074074074075
0 0.47890625 0.41574074074074074 0.1078125 0.21666666666666667
1 0.8059895833333334 0.42268518518518516 0.05677083333333333 0.2638888888888889
0 0.29270833333333335 0.6300925925925925 0.08854166666666667 0.24722222222222223
0 0.3455729166666667 0.5546296296296296 0.10729166666666666 0.1814814814814815
0 0.9265625 0.2800925925925926 0.03854166666666667 0.18796296296296297
0 0.40859375 0.48518518518518516 0.0703125 0.2074074074074074
0 0.76640625 0.4652777777777778 0.0890625 0.2861111111111111
1 0.36380208333333336 0.7444444444444445 0.1078125 0.3333333333333333