0 0.284375 0.5916666666666667 0.078125 0.19074074074074074
0 0.3419270833333333 0.525 0.07760416666666667 0.17407407407407408
1 0.34427083333333336 0.7375 0.12291666666666666 0.3472222222222222
0 0.4161458333333333 0.4888888888888889 0.07708333333333334 0.21481481481481482
0 0.7390625 0.4787037037037037 0.11041666666666666 0.30925925925925923
0 0.46145833333333336 0.7055555555555556 0.125 0.4111111111111111
0 0.5419270833333333 0.6194444444444445 0.15052083333333333 0.40185185185185185
0 0.9455729166666667 0.38055555555555554 0.0625 0.13703703703703704
0 0.9143229166666667 0.5365740740740741 0.07552083333333333 0.19814814814814816
0 0.940625 0.46435185185185185 0.071875 0.14814814814814814
0 0.92734375 0.27685185185185185 0.033854166666666664 0.18333333333333332
1 0.803125 0.4601851851851852 0.0625 0.32407407407407407
0 0.8932291666666666 0.6768518518518518 0.12083333333333333 0.2037037037037037