0 0.5045939694342629 0.7416352416937056 0.20547245538546133 0.45228812003443486
0 0.8565365166149689 0.7652694471226583 0.12741792389316303 0.26463668430801085
0 0.4337949331560794 0.49623997677422443 0.08013314681008149 0.24023457603148754
0 0.2576196327914987 0.6571052633838665 0.11793186764291115 0.2784310503216095
0 0.3896805372624863 0.5521237006324746 0.08846805281526487 0.22439372069332303
1 0.3126598845089922 0.7816004966051467 0.14251265452872913 0.3718466583816373
0 0.30921493260618643 0.5726624159959149 0.09381559962937551 0.20158479019189135
0 0.6949725559514711 0.6255508213141577 0.15951563528985133 0.2935266379012285
1 0.7732633539909237 0.6551580840552529 0.09563922720057931 0.3456900169896193
0 0.9152411720024447 0.48041369407045575 0.04897390918905818 0.140095587579619
0 0.8999056076669499 0.650736803003181 0.12190929705515004 0.24987192679190803
0 0.9065849677167693 0.7025371996257874 0.09450223100216135 0.18706193158614778
0 0.4287361111019369 0.7792581254803996 0.19129889913520953 0.4414837490392007