0 0.6315104166666666 0.3990740740740741 0.0734375 0.2722222222222222
1 0.7799479166666666 0.6083333333333333 0.12760416666666666 0.5018518518518519
0 0.3528645833333333 0.8092592592592592 0.14947916666666666 0.36666666666666664
0 0.34140625 0.5166666666666667 0.07135416666666666 0.18888888888888888
0 0.8947916666666667 0.6467592592592593 0.10729166666666666 0.26944444444444443
0 0.4791666666666667 0.4449074074074074 0.090625 0.2101851851851852
0 0.9354166666666667 0.42314814814814816 0.09270833333333334 0.17592592592592593
1 0.671875 0.38472222222222224 0.06979166666666667 0.25277777777777777
0 0.9276041666666667 0.2462962962962963 0.04375 0.1388888888888889
1 0.36302083333333335 0.7180555555555556 0.09479166666666666 0.28055555555555556
1 0.8065104166666667 0.38981481481481484 0.05677083333333333 0.1648148148148148
0 0.28203125 0.5912037037037037 0.06822916666666666 0.21388888888888888
0 0.7489583333333333 0.41435185185185186 0.05520833333333333 0.14537037037037037
0 0.9239583333333333 0.5523148148148148 0.08958333333333333 0.19166666666666668
0 0.41796875 0.4634259259259259 0.071875 0.1962962962962963
0 0.48203125 0.6694444444444444 0.18489583333333334 0.412962962962963