0 0.3919656103665052 0.47310562590568894 0.11968681774611861 0.24733688608918206
0 0.251112454906161 0.5386920129505188 0.1287792215001053 0.2986508205650163
0 0.4638781761569934 0.44412122173591123 0.14701645346835263 0.28132866174204835
0 0.3157709198204708 0.4758084296454581 0.11277304216039331 0.21645799007536948
0 0.690093774348999 0.6189052286113965 0.18652391082868955 0.3382216745794764
0 0.8400113218584617 0.7982438910785028 0.13534736721121163 0.2861405342436129
0 0.9103666922331157 0.6613832358368451 0.10069858065879865 0.19540860474265961
0 0.4453070400704883 0.4350706586929031 0.10863789230802941 0.2632598697018577
1 0.7701272764196277 0.6410628023669213 0.11611208334297156 0.32277780132772255
0 0.9204345961117387 0.5184570164645923 0.0598353435714787 0.14212229347145816
0 0.8808862847021428 0.7166948109670921 0.13028272052229017 0.19539979350287218
0 0.4087092695941976 0.7115389076147404 0.23073022174937824 0.4886008718895975
0 0.4904639723243696 0.6794489795890343 0.24037572004302063 0.4661317387037886
1 0.297163334531507 0.6827793274342187 0.17473130118108873 0.3873163212963572