0 0.940627759102045 0.4707023061939212 0.11874448179590995 0.25267786472697684
0 0.5549547882561867 0.6029525471168636 0.18690627872743376 0.42187834837106675
0 0.4752063750737723 0.6538299915990049 0.16791359802964212 0.4133069153139344
0 0.40328941290006587 0.4578879143501294 0.10331582617659645 0.2660699815254612
0 0.6499320059033267 0.4036080196482109 0.1125237401888981 0.3091475848054392
0 0.8600634390201926 0.7960153799557288 0.14914915950993002 0.2689153775581221
0 0.4891842217024596 0.39549518318405574 0.08789852095257113 0.19211348223167074
0 0.31737662512083037 0.5754864072691854 0.130469617369497 0.33336275646583513
1 0.8079134312923882 0.48658123360766004 0.11600762438505943 0.3361611068864195
1 0.690364964686897 0.37929437076872197 0.09875480337601866 0.2537742721218187
0 0.9515479568179184 0.314833696501512 0.05301296132029023 0.15853028777151928
0 0.9125140908493762 0.6526599871230007 0.12889732968437784 0.2695062016227721
0 0.9371978810092074 0.5675644482921671 0.12560423798158524 0.27589068096677627
1 0.3701394434755063 0.6965372480585573 0.1405320506745954 0.386657878976824