0 0.8936924978175754 0.4585876683204562 0.1465343622278257 0.2717657715606825
0 0.8297846850840135 0.7584097638991755 0.2290279548544215 0.29173635807313336
0 0.11809273275827334 0.9134612178727195 0.19676841101341216 0.166288257665574
1 0.427727074941991 0.3316618365061714 0.055835239901438884 0.11835408494364444
0 0.9170554456980092 0.3797861062157677 0.1094915516202955 0.2005701170833644
0 0.39135355721715753 0.2185393941534689 0.06430668333656607 0.15574136398725627
0 0.8327128263995743 0.6437161867020212 0.2849801761693357 0.3786897866137367
0 0.19679151675035692 0.8063947567524702 0.1313876803086142 0.2700585365431668
0 0.23128311134997054 0.6323355452337995 0.16205303111714559 0.29289050932982935
0 0.6937082153958606 0.34977172169091414 0.12178953970173059 0.2307655222620763
0 0.40592671302019323 0.45564517713153624 0.1794530214212339 0.3436718184214189