0 0.3843767989660139 0.48009259259259257 0.1325089102888441 0.3296296296296296
0 0.14943809431374327 0.7671296296296296 0.15726335857336526 0.31666666666666665
1 0.43936294436745565 0.29444444444444445 0.04181201997206839 0.21388888888888888
0 0.39127497530986105 0.21805555555555556 0.05212706641958367 0.12407407407407407
1 0.02113291593347601 0.35509259259259257 0.04226583186695202 0.18425925925925926
0 0.055693765539017184 0.8611111111111112 0.11138753107803437 0.23981481481481481
0 0.4263397520263472 0.26805555555555555 0.062018181737366736 0.17685185185185184
0 0.873154656748447 0.5157407407407407 0.1446867502410394 0.2537037037037037
0 0.7974580293027993 0.8490740740740741 0.1972080178879795 0.2611111111111111
0 0.23247105871100887 0.6268518518518519 0.1884570441123143 0.3333333333333333
0 0.7048894694920044 0.41944444444444445 0.11228717266782079 0.23425925925925925
0 0.8816436411855956 0.5703703703703704 0.13043344031476115 0.24166666666666667
0 0.8357822260531246 0.7162037037037037 0.18980214962736094 0.31203703703703706