1 0.35572916666666665 0.7421296296296296 0.10833333333333334 0.31203703703703706
0 0.6328125 0.3861111111111111 0.078125 0.22407407407407406
0 0.9359375 0.42592592592592593 0.09427083333333333 0.18518518518518517
0 0.9453125 0.46574074074074073 0.058854166666666666 0.13796296296296295
0 0.9221354166666667 0.5523148148148148 0.0921875 0.19074074074074074
0 0.9268229166666667 0.25277777777777777 0.044270833333333336 0.14444444444444443
1 0.6734375 0.36064814814814816 0.07083333333333333 0.2175925925925926
0 0.8768229166666667 0.6430555555555556 0.18489583333333334 0.35833333333333334
1 0.7895833333333333 0.43194444444444446 0.08645833333333333 0.28425925925925927
0 0.4822916666666667 0.4203703703703704 0.0875 0.16111111111111112
0 0.29010416666666666 0.5995370370370371 0.07395833333333333 0.2064814814814815
0 0.5580729166666667 0.6888888888888889 0.18802083333333333 0.46111111111111114
0 0.34609375 0.5319444444444444 0.0796875 0.19537037037037036
0 0.4265625 0.5041666666666667 0.084375 0.2712962962962963