1 0.40516592899471704 0.7889150205187775 0.13512048368424298 0.3322145836469299
0 0.6500454142414049 0.43269314571658685 0.09729501706357553 0.23934264837393765
0 0.9497287573143379 0.4725819783199707 0.10054248537132414 0.20278693133616743
0 0.9659648446691113 0.5124656445008061 0.06807031066177748 0.14939013082708147
0 0.948646950237773 0.5989748044251765 0.10270609952445398 0.20819690972704796
0 0.9309226723992834 0.2990495616156724 0.05670631092068845 0.15266104025307672
1 0.6882612420913944 0.40723869674913554 0.08958990985087449 0.23125588086471302
0 0.9031376254937267 0.6899031026647974 0.19372474901254672 0.39319714558438934
1 0.8098496131945907 0.4784392207280711 0.11107088816677191 0.30049834799029035
0 0.5035140277906287 0.46693867463826155 0.10164495249053734 0.1780334971602761
0 0.3277772922946679 0.6463014627188447 0.09157391569848959 0.22038739836139368
0 0.6016815570383419 0.7358381640594913 0.22822941521922005 0.4965572320208674
0 0.37762665693670516 0.5786386897149508 0.09673460161435893 0.2107359961133507
0 0.45535031434304163 0.5508779399281966 0.10774320054454496 0.2872927564195354