0 0.9450520833333333 0.4638888888888889 0.05677083333333333 0.13518518518518519
0 0.47604166666666664 0.4097222222222222 0.08125 0.19722222222222222
0 0.46041666666666664 0.662962962962963 0.12395833333333334 0.3333333333333333
0 0.5424479166666667 0.6300925925925925 0.15052083333333333 0.3768518518518518
0 0.3125 0.6620370370370371 0.08958333333333333 0.29259259259259257
1 0.7903645833333334 0.44212962962962965 0.08177083333333333 0.2712962962962963
0 0.26223958333333336 0.850462962962963 0.15052083333333333 0.2916666666666667
0 0.9223958333333333 0.549074074074074 0.09375 0.18703703703703703
0 0.8700520833333333 0.7643518518518518 0.14635416666666667 0.2490740740740741
1 0.18098958333333334 0.6046296296296296 0.0984375 0.24444444444444444
1 0.6729166666666667 0.3625 0.06770833333333333 0.2490740740740741
0 0.9203125 0.25046296296296294 0.0453125 0.13055555555555556
0 0.4158854166666667 0.4842592592592593 0.07135416666666666 0.23333333333333334
0 0.9231770833333334 0.4199074074074074 0.09270833333333334 0.22870370370370371
0 0.9052083333333333 0.612037037037037 0.1125 0.22685185185185186
0 0.6309895833333333 0.4097222222222222 0.0828125 0.2824074074074074