0 0.9283854166666666 0.42592592592592593 0.09895833333333333 0.1814814814814815
0 0.47421875 0.41712962962962963 0.07239583333333334 0.16574074074074074
0 0.921875 0.24861111111111112 0.04479166666666667 0.13240740740740742
0 0.46119791666666665 0.6555555555555556 0.1234375 0.337037037037037
0 0.35833333333333334 0.5199074074074074 0.096875 0.225
1 0.67421875 0.38055555555555554 0.07864583333333333 0.26481481481481484
1 0.7119791666666667 0.9060185185185186 0.146875 0.1824074074074074
0 0.13177083333333334 0.5856481481481481 0.096875 0.3111111111111111
0 0.5440104166666667 0.6314814814814815 0.14635416666666667 0.37962962962962965
0 0.7736979166666667 0.5703703703703704 0.09322916666666667 0.4666666666666667
0 0.5875 0.3763888888888889 0.078125 0.2824074074074074
0 0.9020833333333333 0.6287037037037037 0.10260416666666666 0.22407407407407406
0 0.9213541666666667 0.549537037037037 0.09427083333333333 0.18981481481481483
0 0.9447916666666667 0.46435185185185185 0.0578125 0.13148148148148148
1 0.8096354166666667 0.4212962962962963 0.0453125 0.2351851851851852
0 0.29713541666666665 0.6444444444444445 0.0921875 0.29814814814814816