0 0.5526041666666667 0.6328703703703704 0.16666666666666666 0.375
0 0.4708333333333333 0.7060185185185185 0.14166666666666666 0.41388888888888886
0 0.9057291666666667 0.5638888888888889 0.125 0.21296296296296297
0 0.7346354166666667 0.4601851851851852 0.11302083333333333 0.25
0 0.40546875 0.49444444444444446 0.058854166666666666 0.2037037037037037
0 0.47604166666666664 0.41388888888888886 0.103125 0.2111111111111111
0 0.92734375 0.2796296296296296 0.034895833333333334 0.18888888888888888
0 0.9247395833333333 0.4273148148148148 0.09739583333333333 0.24351851851851852
0 0.9380208333333333 0.4671296296296296 0.07916666666666666 0.15092592592592594
1 0.8057291666666667 0.43425925925925923 0.058333333333333334 0.29814814814814816
0 0.29322916666666665 0.6287037037037037 0.08645833333333333 0.24074074074074073
0 0.34036458333333336 0.5194444444444445 0.07864583333333333 0.19814814814814816
1 0.3645833333333333 0.7361111111111112 0.11041666666666666 0.3314814814814815