0 0.9239804650700612 0.15937821102642094 0.050397907122756415 0.16050614411087893
0 0.9068044856407566 0.45579727185764507 0.10200107939139448 0.2150598854386122
0 0.9265223056406107 0.3315815757846836 0.1038934117361445 0.20702888279004222
0 0.935101468188181 0.3649433099254708 0.06716096048146056 0.14448185374165803
0 0.8404451112936152 0.5766302231525965 0.2105970332823001 0.3101839626623631
0 0.24895574436084764 0.7113772550214829 0.10198780963212452 0.2824257300176323
1 0.6649070087076974 0.29710343088646596 0.09167725462578176 0.2855437062234452
0 0.4167294938789497 0.4577028690173496 0.11195880732543036 0.26449293899700466
0 0.2748890722693672 0.5198146482411373 0.08820474473995006 0.2019836248765393
1 0.781857972966333 0.3470380028201804 0.10709975627342061 0.30162449257686835
0 0.3257167432198943 0.47644760069570596 0.09317963242057062 0.1925542664032626
1 0.33537074683230556 0.6780727809416617 0.12196870489188273 0.338850409884206
0 0.5133272858689473 0.5576562220073472 0.15384210509455679 0.4385289925124541
0 0.46199511822609113 0.33993101590562697 0.07525907576658936 0.18072519632351483