0 0.8348958333333333 0.8912037037037037 0.18854166666666666 0.2175925925925926
0 0.846875 0.7587962962962963 0.21458333333333332 0.3287037037037037
0 0.14375 0.9486111111111111 0.09479166666666666 0.10277777777777777
0 0.09661458333333334 0.8592592592592593 0.1015625 0.16574074074074074
0 0.18697916666666667 0.7439814814814815 0.13385416666666666 0.3314814814814815
0 0.2520833333333333 0.6027777777777777 0.13229166666666667 0.21388888888888888
0 0.91015625 0.6092592592592593 0.11927083333333334 0.20462962962962963
0 0.4234375 0.4861111111111111 0.13072916666666667 0.3287037037037037
0 0.40703125 0.23055555555555557 0.0375 0.16203703703703703
1 0.45390625 0.18564814814814815 0.028645833333333332 0.19722222222222222
0 0.9234375 0.5462962962962963 0.10364583333333334 0.2361111111111111
0 0.72265625 0.4361111111111111 0.08385416666666666 0.21296296296296297