0 0.5479166666666667 0.6347222222222222 0.165625 0.3990740740740741
0 0.8947916666666667 0.55 0.10416666666666667 0.23148148148148148
0 0.4546875 0.4162037037037037 0.058333333333333334 0.2212962962962963
0 0.29765625 0.6277777777777778 0.09322916666666667 0.24814814814814815
0 0.41692708333333334 0.4842592592592593 0.06822916666666666 0.20185185185185187
1 0.36380208333333336 0.7328703703703704 0.10885416666666667 0.33611111111111114
0 0.34010416666666665 0.5291666666666667 0.07604166666666666 0.17685185185185184
0 0.7229166666666667 0.4625 0.134375 0.25092592592592594
1 0.8026041666666667 0.4675925925925926 0.06354166666666666 0.32407407407407407
0 0.9247395833333333 0.25277777777777777 0.0359375 0.1287037037037037
0 0.9263020833333333 0.42407407407407405 0.1 0.2175925925925926
0 0.9377604166666667 0.47314814814814815 0.078125 0.16203703703703703
0 0.4783854166666667 0.7064814814814815 0.14947916666666666 0.4166666666666667