0 0.6160569704512825 0.33092547303170056 0.09212476933477162 0.28749879214461815
1 0.7666977003248945 0.5082655428795482 0.16210601085413381 0.5288281121208009
0 0.34101569519933134 0.7868985187666927 0.17432347542541737 0.37928220837406773
0 0.32664369572662455 0.507755967898014 0.08445982134754573 0.2037342018802871
0 0.8818734283137701 0.5227441502389241 0.12603352743819157 0.29215381404795476
0 0.46388585349825495 0.40818205030579835 0.1049611766920035 0.22944705229215234
0 0.9203590083677431 0.2923357051820604 0.1049929017787368 0.19527404441909252
1 0.6561998660113358 0.3086664388746368 0.08738489258219649 0.2677093421553755
0 0.9109482136667724 0.11808026162589094 0.05318916968170389 0.14757233366989667
1 0.35021584746818063 0.7039304773489884 0.11432731795529065 0.3004211823659194
1 0.7911901270168982 0.2854814101713099 0.06807054123300134 0.17651450516136816
0 0.2679780246502969 0.5943579871972334 0.08311347241038014 0.228561699107888
0 0.7337380080662393 0.32210499231707906 0.06541399781375977 0.15689755794452462
0 0.9102739599358329 0.4229458060918502 0.10282546660609526 0.20987323076840858
0 0.40270490671704395 0.4391105566312972 0.08519902042789175 0.21118473498079426
0 0.46901268751030994 0.6308228333221646 0.21334982097032787 0.4517885770285956