0 0.5868891122033292 0.5298289816870496 0.2253289876369943 0.463811473437934
0 0.5207436386241147 0.6451791088761947 0.20739785918829198 0.489063402252234
0 0.9137670081406005 0.2659435186326287 0.15819093019715352 0.2804621393642156
0 0.7327670989743461 0.2633678818186473 0.15232085557024747 0.3101055827940709
0 0.4233290085549989 0.48028305146514594 0.09147410146209012 0.23458463095500617
0 0.4776874928382719 0.36419676506335974 0.13598838157663426 0.2664042044623804
0 0.8876515935472792 0.04310859620070997 0.06521628373258892 0.08621719240141994
0 0.9096180589473596 0.13634328475186117 0.1357928821796418 0.27268656950372233
0 0.9288162236163952 0.1556174617699882 0.10271849841676707 0.1936759376713988
1 0.7967407080125627 0.19850889192795632 0.10667637758137166 0.32793519693065803
0 0.33797208220167957 0.6711950251589925 0.12463701643262913 0.2860867639208992
0 0.3649753833099425 0.5406665504688483 0.10978515528388648 0.23981809522505398
1 0.4239962584792847 0.733509978405661 0.16297432496559025 0.38993188603709794