0 0.2941708440352065 0.5694647219851647 0.08560848039727015 0.1979078196238241
0 0.35152781678237377 0.5046835230921791 0.0842394315166184 0.18120882876284616
1 0.35387902334401755 0.7172400904322243 0.13665346599757258 0.3586539918214132
0 0.4259094281559574 0.47087469962026857 0.08556053248413763 0.22196573160074254
0 0.749017067780782 0.4705764216059214 0.1228687408316072 0.3193610505036303
0 0.4713657939734284 0.6890423383894082 0.14103343115118225 0.42263985329323667
0 0.5517965087050566 0.605015326605895 0.16640876127829998 0.41602438864646124
0 0.9556771142426359 0.37892639755843344 0.06786872758476316 0.14276100288521035
0 0.9243213057716098 0.5336967996744172 0.08314981693681935 0.20523441654545296
0 0.9508036086458949 0.46246175710621373 0.07748017029486362 0.1550889576710511
0 0.937476048121507 0.2747977929406323 0.041137580155390194 0.18634885618039965
1 0.8130580719854059 0.4542285507553336 0.07518851687504101 0.32991117460233765
0 0.9033515742214859 0.6733210639838929 0.12914684137714497 0.21499001442849283