1 0.8033854166666666 0.4583333333333333 0.06302083333333333 0.34629629629629627
0 0.9244791666666666 0.2828703703703704 0.036458333333333336 0.19722222222222222
0 0.5440104166666667 0.5949074074074074 0.19427083333333334 0.4361111111111111
0 0.6122395833333333 0.40185185185185185 0.06614583333333333 0.25555555555555554
0 0.7497395833333333 0.46574074074074073 0.07447916666666667 0.22962962962962963
1 0.67109375 0.3875 0.07239583333333334 0.2490740740740741
0 0.35234375 0.5217592592592593 0.09114583333333333 0.2101851851851852
0 0.4921875 0.7013888888888888 0.13229166666666667 0.3824074074074074
1 0.72734375 0.9106481481481481 0.19947916666666668 0.1787037037037037
0 0.4200520833333333 0.48148148148148145 0.07552083333333333 0.2222222222222222
1 0.35989583333333336 0.7472222222222222 0.10833333333333334 0.3148148148148148
0 0.9453125 0.4597222222222222 0.05520833333333333 0.1287037037037037
0 0.9190104166666667 0.5444444444444444 0.09114583333333333 0.18333333333333332
0 0.29270833333333335 0.6550925925925926 0.06979166666666667 0.31574074074074077
0 0.48776041666666664 0.4166666666666667 0.09427083333333333 0.17962962962962964
0 0.8934895833333333 0.6180555555555556 0.10364583333333334 0.21574074074074073
0 0.9354166666666667 0.42592592592592593 0.09270833333333334 0.175