0 0.921875 0.24814814814814815 0.044270833333333336 0.13518518518518519
0 0.9359375 0.425462962962963 0.09322916666666667 0.17777777777777778
0 0.9453125 0.4583333333333333 0.05520833333333333 0.12777777777777777
0 0.5611979166666666 0.6287037037037037 0.1578125 0.37407407407407406
0 0.4953125 0.700462962962963 0.13125 0.38425925925925924
0 0.27265625 0.7888888888888889 0.07864583333333333 0.2462962962962963
0 0.37135416666666665 0.6953703703703704 0.13645833333333332 0.39444444444444443
1 0.8057291666666667 0.43148148148148147 0.05625 0.29444444444444445
0 0.6109375 0.3680555555555556 0.07291666666666667 0.21203703703703702
0 0.46953125 0.4236111111111111 0.06510416666666667 0.1638888888888889
0 0.8921875 0.6268518518518519 0.09791666666666667 0.23333333333333334
0 0.7502604166666667 0.4462962962962963 0.0734375 0.2537037037037037
1 0.6763020833333333 0.3699074074074074 0.06510416666666667 0.2564814814814815
0 0.2903645833333333 0.6662037037037037 0.06510416666666667 0.26944444444444443
0 0.346875 0.5824074074074074 0.11145833333333334 0.16296296296296298
1 0.36041666666666666 0.736574074074074 0.10677083333333333 0.3175925925925926
0 0.9177083333333333 0.5430555555555555 0.09114583333333333 0.18055555555555555