0 0.2833333333333333 0.6189814814814815 0.096875 0.2898148148148148
1 0.359375 0.7384259259259259 0.103125 0.32685185185185184
0 0.4609375 0.7097222222222223 0.115625 0.4027777777777778
0 0.5528645833333333 0.625 0.1640625 0.3851851851851852
0 0.9169270833333333 0.5481481481481482 0.09322916666666667 0.18703703703703703
0 0.9020833333333333 0.6259259259259259 0.10729166666666666 0.23055555555555557
0 0.9372395833333333 0.46944444444444444 0.08177083333333333 0.1574074074074074
0 0.9276041666666667 0.2800925925925926 0.03333333333333333 0.18796296296296297
1 0.80859375 0.43703703703703706 0.06510416666666667 0.2851851851851852
0 0.4546875 0.41435185185185186 0.06041666666666667 0.21574074074074073
0 0.34270833333333334 0.5194444444444445 0.08333333333333333 0.1925925925925926
0 0.4088541666666667 0.48657407407407405 0.065625 0.20277777777777778
0 0.7604166666666666 0.4625 0.1 0.287962962962963