0 0.8912537946356125 0.7491800830751454 0.2174924107287751 0.3260198723391774
0 0.4339998892184634 0.5356628574782311 0.18122858260730723 0.3877967470439509
0 0.905748422758631 0.40435926741594785 0.18280780298213603 0.2934816095903706
0 0.7052937816924042 0.3683058422228611 0.11535866525895268 0.21111498198744866
1 0.39559931188952857 0.25648425396609115 0.08752160460089632 0.22754381166226348
0 0.8716190293391946 0.6224783152040342 0.25676194132161095 0.41915201823563825
0 0.18818703303361123 0.9669807069117903 0.13656842403444128 0.06603858617641949
0 0.2897713886465102 0.723082396260988 0.15859183971127422 0.2767495152530042
0 0.3709119871776111 0.3063541727999594 0.05612563103709694 0.1855315521780247
0 0.9190625029800302 0.46090578948049515 0.16187499403993943 0.29912259563123483
0 0.2564357068042449 0.8580454893049589 0.15944607649317397 0.2839090213900822