0 0.44244791666666666 0.2490740740740741 0.035416666666666666 0.1574074074074074
0 0.41328125 0.4759259259259259 0.09739583333333333 0.3194444444444444
0 0.28619791666666666 0.6226851851851852 0.11614583333333334 0.21944444444444444
0 0.18880208333333334 0.750462962962963 0.1296875 0.31203703703703706
0 0.10625 0.8287037037037037 0.09375 0.25555555555555554
0 0.7080729166666667 0.44074074074074077 0.0765625 0.1824074074074074
0 0.9403645833333333 0.5078703703703704 0.08489583333333334 0.15648148148148147
0 0.8208333333333333 0.8578703703703704 0.15208333333333332 0.28425925925925927
0 0.9145833333333333 0.6074074074074074 0.11979166666666667 0.24537037037037038
1 0.46145833333333336 0.29305555555555557 0.030208333333333334 0.18518518518518517
0 0.41822916666666665 0.20092592592592592 0.0375 0.1175925925925926