0 0.5416666666666666 0.6259259259259259 0.14583333333333334 0.37407407407407406
0 0.5591145833333333 0.44537037037037036 0.08489583333333334 0.3685185185185185
0 0.9247395833333333 0.549537037037037 0.09479166666666666 0.18981481481481483
0 0.9447916666666667 0.4638888888888889 0.0640625 0.13055555555555556
0 0.9356770833333333 0.42777777777777776 0.09270833333333334 0.18703703703703703
0 0.34375 0.5703703703703704 0.07604166666666666 0.3
1 0.8046875 0.4375 0.1 0.2814814814814815
1 0.6799479166666667 0.3699074074074074 0.06614583333333333 0.24537037037037038
0 0.2947916666666667 0.6101851851851852 0.09270833333333334 0.2462962962962963
0 0.46588541666666666 0.4351851851851852 0.058854166666666666 0.18888888888888888
0 0.8921875 0.6652777777777777 0.140625 0.22314814814814815
1 0.365625 0.7560185185185185 0.10104166666666667 0.27870370370370373
0 0.4239583333333333 0.5097222222222222 0.08020833333333334 0.2712962962962963
0 0.7549479166666667 0.49675925925925923 0.1046875 0.2601851851851852
0 0.6294270833333333 0.4023148148148148 0.10989583333333333 0.27685185185185185