0 0.333240462631318 0.6107803597910525 0.1255866932887881 0.31183263536363737
0 0.5638999963945003 0.5464705461438314 0.2243109400995536 0.5045214471436393
0 0.4445649184689116 0.41963074305702086 0.10597469911246134 0.23265995286109611
0 0.6400492796032234 0.22690583198844808 0.109475474486797 0.2993266195277628
0 0.9141411557819121 0.3583932694792817 0.1717176884361758 0.3382395717601501
0 0.9396458933719738 0.11359418344086304 0.11927325637813245 0.22718836688172608
0 0.9491185409731719 0.14677108581150286 0.08650857057673184 0.15626504813633263
0 0.9435227152314607 0.23986873085156554 0.11295456953707869 0.23738578458484305
0 0.31039423654973547 0.7021103319482774 0.16832465668303448 0.47823475909145047
0 0.4836299107041262 0.3263346779928489 0.09133533638370063 0.189321806859063
1 0.6689514220048094 0.1656744639863672 0.1019192835550496 0.24372296292514856
1 0.7961361066969549 0.19634423068375664 0.12506585995545477 0.3117244101444168
1 0.4238180522735185 0.6963262771892396 0.14814980712680387 0.3687229714717946
0 0.3774581626452384 0.5103294114065466 0.11196098252898032 0.24855701986811618
0 0.9023037471574287 0.02300074948591261 0.06651581655564011 0.04600149897182522