0 0.9264493715577513 0.39415100265669617 0.11362946353466938 0.1997226608933168
0 0.9054456733305842 0.1456021967401842 0.05860298662782692 0.20912058970591765
0 0.9364073893725362 0.30212876985260284 0.08465580021104605 0.14699805579505398
0 0.9196071171151395 0.2785638018389351 0.12642698412054423 0.2500943891278993
1 0.6661742324490227 0.2516882777858329 0.09716538145497727 0.17977719143704388
1 0.8003933330251878 0.34942687591154464 0.09984776374571566 0.34366608032593277
0 0.9113161165431864 0.47243788649488033 0.12978487811193418 0.23261493121539686
0 0.3560360174844702 0.5489582655164881 0.09812570115232996 0.20664520538605155
0 0.7452400450424084 0.3863414054923958 0.13198788339030662 0.33540887109033046
0 0.3318679604332648 0.6960788287677279 0.11972077738169631 0.31744455026315543
1 0.41211061095666823 0.7593629307407935 0.1560467261808166 0.37409912842530235
0 0.8695154996696854 0.6247375906790457 0.1878438611329102 0.3130803035090781
0 0.4281750037165857 0.4832615649401783 0.0984136404942736 0.22423779797864413
1 0.6835165044204428 0.3720448292530714 0.1523362662529981 0.306425725346931
0 0.4908054779620731 0.6962419817278146 0.1564447562238681 0.46202976719395406
0 0.5583817713772977 0.5746398973130766 0.18810950664174844 0.45653417363897375