0 0.28526092465073244 0.6285940447408143 0.12647645601282206 0.33310322622765975
1 0.3693543416033757 0.7111341052574014 0.13648795350553963 0.3735480152829201
0 0.4681954451047036 0.6384021109271515 0.15651094849097474 0.45443759339344075
0 0.553317033298529 0.5153126279668129 0.20280449634881112 0.4584269516234624
0 0.9090837421046101 0.2794354596677402 0.11178860543665697 0.22909040192251423
0 0.8999452056614488 0.3617505616582349 0.13025467388036843 0.27832562075528994
0 0.923468498636624 0.19394115388111316 0.09770136949051818 0.1935096572377556
0 0.9001822010425952 0.0579190459119751 0.05267680883246205 0.1158380918239502
1 0.793459963161127 0.21921136266868751 0.09449345684858296 0.3148674904786603
0 0.4406547775801071 0.353483544833542 0.0824041994808083 0.24268190324752326
0 0.33714010772446995 0.5054810957053519 0.10296474817440557 0.22947279250612634
0 0.4004736163458858 0.44418250200361636 0.08638900972098422 0.23226230332146605
0 0.7475109656684095 0.2656204356950383 0.12906546797728116 0.3326094947923926