0 0.41328125 0.47453703703703703 0.10677083333333333 0.32314814814814813
0 0.18984375 0.7481481481481481 0.1328125 0.30833333333333335
1 0.4609375 0.2916666666666667 0.025 0.21203703703703702
0 0.40963541666666664 0.2125 0.0421875 0.12129629629629629
1 0.030208333333333334 0.3263888888888889 0.058333333333333334 0.18055555555555555
0 0.09401041666666667 0.8361111111111111 0.10416666666666667 0.23333333333333334
0 0.446875 0.26481481481481484 0.04791666666666667 0.17407407407407408
0 0.903125 0.5407407407407407 0.125 0.2462962962962963
0 0.840625 0.8703703703703703 0.17708333333333334 0.25
0 0.2671875 0.6125 0.1625 0.32314814814814813
0 0.73125 0.4337962962962963 0.09375 0.22870370370370371
0 0.9138020833333333 0.5962962962962963 0.11145833333333334 0.2351851851851852
0 0.8736979166666666 0.7393518518518518 0.165625 0.30185185185185187