0 0.8794484677981348 0.25038513808190915 0.0609045159372729 0.16036304749149854
0 0.9161933210694251 0.42427841988835774 0.11422950383702452 0.23140066971103473
0 0.9295669897200679 0.4550007884062048 0.07027042557819314 0.15933700696814876
0 0.5780082143475573 0.7085604483368871 0.20244158196492776 0.4653428100116213
0 0.5231150134623175 0.7823097534204372 0.17795938517856794 0.43538049315912564
0 0.3176844872123805 0.8924338990130111 0.10867608411256373 0.21513220197397778
0 0.4019062925409245 0.7898931273887259 0.18424877673457965 0.4202137452225484
1 0.7903410368835838 0.458597656060308 0.0931995599775308 0.32648467559446737
0 0.5924758822517017 0.4373572769853478 0.0986893471884341 0.2544070335462474
0 0.4621103299482197 0.5240413852708249 0.08498405405833438 0.2018767464009626
0 0.8997042636587091 0.6344928275144992 0.12587267447164313 0.29002316339237255
0 0.7381169766114655 0.4853911971304927 0.10455183912160185 0.29621828038691633
1 0.6561991824730117 0.4252047481150194 0.09673630900190867 0.29383257341563374
0 0.319107428079544 0.8050031250384548 0.09834123067761359 0.30708749258766793
0 0.3632977896140584 0.709157210330321 0.12983329299917196 0.22783875032026632
1 0.3965829882861985 0.8351640821269389 0.14542227881675154 0.32967183574612213
0 0.9137271984757483 0.5455024260976529 0.11215223074307754 0.23286324661745814