0 0.92109375 0.5402777777777777 0.09635416666666667 0.1712962962962963
0 0.9263020833333333 0.28935185185185186 0.03802083333333333 0.19907407407407407
0 0.940625 0.4527777777777778 0.071875 0.1259259259259259
0 0.9265625 0.42453703703703705 0.10416666666666667 0.22037037037037038
1 0.6796875 0.3199074074074074 0.08125 0.15648148148148147
1 0.8018229166666667 0.45740740740740743 0.06614583333333333 0.32592592592592595
0 0.8981770833333333 0.6125 0.10989583333333333 0.20092592592592592
0 0.34348958333333335 0.5162037037037037 0.0796875 0.18425925925925926
0 0.7434895833333334 0.47685185185185186 0.10052083333333334 0.3074074074074074
0 0.30442708333333335 0.6537037037037037 0.09010416666666667 0.29259259259259257
1 0.3768229166666667 0.7402777777777778 0.12135416666666667 0.3398148148148148
0 0.8411458333333334 0.749537037037037 0.16145833333333334 0.2657407407407407
0 0.42135416666666664 0.4740740740740741 0.078125 0.20185185185185187
1 0.684375 0.44351851851851853 0.125 0.27037037037037037
0 0.4609375 0.7027777777777777 0.1125 0.43148148148148147
0 0.5401041666666667 0.6041666666666666 0.14583333333333334 0.41574074074074074