0 0.9205729166666666 0.4185185185185185 0.09479166666666666 0.22685185185185186
0 0.9020833333333333 0.6097222222222223 0.10104166666666667 0.23055555555555557
0 0.34869791666666666 0.562037037037037 0.10052083333333334 0.22870370370370371
0 0.9255208333333333 0.2564814814814815 0.036458333333333336 0.13703703703703704
0 0.4671875 0.6990740740740741 0.125 0.387037037037037
0 0.42161458333333335 0.4773148148148148 0.07760416666666667 0.18796296296296297
0 0.4713541666666667 0.4287037037037037 0.071875 0.1648148148148148
0 0.82890625 0.7828703703703703 0.23697916666666666 0.2675925925925926
1 0.7984375 0.4601851851851852 0.071875 0.34444444444444444
1 0.35885416666666664 0.7458333333333333 0.09739583333333333 0.3675925925925926
1 0.66796875 0.3712962962962963 0.07552083333333333 0.2518518518518518
0 0.3111979166666667 0.6518518518518519 0.10989583333333333 0.29814814814814816
0 0.92265625 0.5074074074074074 0.10052083333333334 0.21851851851851853
0 0.5424479166666667 0.6282407407407408 0.15052083333333333 0.3712962962962963