0 0.9255254367470954 0.7241346120490715 0.11701209347219788 0.22851405935663927
0 0.9337052191655256 0.7666232211630194 0.07112928824658696 0.1553472829675608
0 0.8970155575134239 0.8392613772998204 0.11869583108985846 0.23614821477761921
0 0.93728172888651 0.548104702644501 0.05813876431766876 0.15530956803964155
0 0.4673991340065978 0.48548468878592255 0.07928477293908452 0.20918321814201002
1 0.6755837070469937 0.5407555485978524 0.10255400554218023 0.2975428755172105
0 0.3420589360432384 0.5359767402254269 0.11052362602253206 0.27652997603404167
0 0.2867149932263476 0.584096869604503 0.14132299274196025 0.31702488207422114
0 0.6250903963889374 0.5157936455641533 0.0800935456143615 0.2268513934057936
1 0.7825407492085772 0.6565145355411416 0.12281546797728117 0.32911872072616594
1 0.3197902584019462 0.7322920468010354 0.1478250492212124 0.3650785136795426
0 0.8399431958085606 0.8866568314507917 0.19112040815498568 0.22668633709841676
0 0.4152966381854019 0.5428924018240355 0.11504843208390388 0.3307627584360811
0 0.5050924819657455 0.7183453629974459 0.1828253997973775 0.4717676564876079