0 0.9458333333333333 0.45925925925925926 0.05677083333333333 0.12314814814814815
0 0.9361979166666666 0.42824074074074076 0.09375 0.1814814814814815
0 0.4244791666666667 0.4828703703703704 0.08229166666666667 0.21574074074074073
0 0.29375 0.700462962962963 0.08333333333333333 0.3990740740740741
0 0.35104166666666664 0.5175925925925926 0.090625 0.19814814814814816
0 0.5591145833333333 0.6236111111111111 0.16197916666666667 0.38055555555555554
0 0.4783854166666667 0.41898148148148145 0.07552083333333333 0.18611111111111112
1 0.3645833333333333 0.7439814814814815 0.0984375 0.3148148148148148
1 0.80390625 0.46111111111111114 0.06197916666666667 0.34629629629629627
0 0.9244791666666666 0.2833333333333333 0.0375 0.1962962962962963
0 0.49765625 0.7041666666666667 0.1359375 0.39351851851851855
1 0.6763020833333333 0.3800925925925926 0.07239583333333334 0.24351851851851852
1 0.71484375 0.8800925925925925 0.16927083333333334 0.2324074074074074
0 0.6192708333333333 0.37407407407407406 0.08020833333333334 0.20555555555555555
0 0.90234375 0.6282407407407408 0.09375 0.225
0 0.7520833333333333 0.48009259259259257 0.08125 0.27685185185185185
0 0.91875 0.5458333333333333 0.0953125 0.17962962962962964