0 0.4684990859580542 0.3313493082984844 0.06287258326650248 0.1791726910491874
0 0.4002836145858817 0.5264190407147535 0.15301806155398304 0.38053153494528746
0 0.25330514086405265 0.5846200683920758 0.1539167881087663 0.2926166730293832
0 0.13809361534424341 0.6433502033137205 0.18350265961769677 0.39329007914155867
0 0.05719442551516482 0.6647426803375188 0.11438885103032964 0.31404524079510643
0 0.6872223922471143 0.6794554182420018 0.1079172038756686 0.23074797683708245
0 0.8965838916224144 0.8897007746059022 0.1116575105143646 0.20949978158784469
0 0.7238426709417727 0.9764791477936232 0.1943910777342559 0.04704170441275353
0 0.8544113170707484 0.9032197836016094 0.16183214675367547 0.19356043279678123
1 0.47884816770009253 0.3844096765227397 0.06289650913130297 0.20395624061074638
0 0.4540189188080899 0.2704245812664104 0.058168927664328865 0.14148630269682716