0 0.26848958333333334 0.7967592592592593 0.084375 0.20555555555555555
0 0.9473958333333333 0.4625 0.0578125 0.12129629629629629
0 0.9354166666666667 0.425462962962963 0.09375 0.18425925925925926
1 0.6703125 0.3787037037037037 0.06666666666666667 0.24074074074074073
0 0.9263020833333333 0.2518518518518518 0.04010416666666667 0.1425925925925926
1 0.3567708333333333 0.7407407407407407 0.11041666666666666 0.31296296296296294
0 0.30572916666666666 0.6175925925925926 0.10625 0.24074074074074073
0 0.42994791666666665 0.524074074074074 0.0953125 0.1962962962962963
0 0.34088541666666666 0.5291666666666667 0.07864583333333333 0.1787037037037037
0 0.8908854166666667 0.6620370370370371 0.14739583333333334 0.24814814814814815
1 0.7893229166666667 0.462037037037037 0.0859375 0.34444444444444444
0 0.6270833333333333 0.4027777777777778 0.10833333333333334 0.27037037037037037
0 0.4786458333333333 0.4398148148148148 0.084375 0.20925925925925926
0 0.9244791666666666 0.5486111111111112 0.09427083333333333 0.19166666666666668