0 0.923653883726188 0.4486207434763464 0.1287551464971294 0.23721732851865676
0 0.4861789098337186 0.5200129724120304 0.09939983716629612 0.2066678318666416
0 0.8881634366321604 0.2724434504040354 0.0665745879359875 0.15801190033943968
0 0.5130165821555548 0.7614191835770016 0.17887130662916634 0.40665268460779097
0 0.39193971339961364 0.643543026137642 0.13340982871518486 0.2793978374679177
1 0.6722082523878545 0.44852112092343066 0.12198384081070941 0.30923603346235473
1 0.7952519390045206 0.9177259275717752 0.176541486742191 0.16454814485644956
0 0.18516793536010726 0.7494533386565628 0.14797309349688234 0.36571246585755285
0 0.5884759119387494 0.722667785388155 0.2084152586241662 0.46199664434676857
0 0.7990530078544749 0.6207175928056067 0.1699838498274687 0.5195159085660052
0 0.5881585960887804 0.459444871832125 0.12441211404351833 0.3271369314245038
0 0.93110403172331 0.6565430029836046 0.1377919365533799 0.28238014234147607
0 0.9372875110352621 0.5737219972069801 0.12542497792947577 0.24297943080450665
0 0.9457988623155861 0.48462454195328347 0.07925685598499992 0.16418204699959452
1 0.808946598586404 0.46541542403094965 0.084041392271574 0.26140426922181675
0 0.3537356673110949 0.7790466148649506 0.14103958831308602 0.3505903554904383