1 0.67265625 0.362962962962963 0.07239583333333334 0.22037037037037038
0 0.9359375 0.42777777777777776 0.09375 0.18981481481481483
0 0.92421875 0.5527777777777778 0.0953125 0.19166666666666668
0 0.92734375 0.2513888888888889 0.043229166666666666 0.14351851851851852
0 0.9473958333333333 0.46435185185185185 0.0578125 0.13425925925925927
0 0.5588541666666667 0.6782407407407407 0.18541666666666667 0.48055555555555557
0 0.42682291666666666 0.5078703703703704 0.0796875 0.2601851851851852
1 0.35546875 0.7518518518518519 0.10677083333333333 0.29074074074074074
0 0.6328125 0.38796296296296295 0.078125 0.22962962962962963
0 0.346875 0.5351851851851852 0.08541666666666667 0.20925925925925926
0 0.3020833333333333 0.5935185185185186 0.09375 0.1814814814814815
1 0.7911458333333333 0.42962962962962964 0.08229166666666667 0.2814814814814815
0 0.8770833333333333 0.6875 0.16041666666666668 0.25833333333333336
0 0.46640625 0.4375 0.0578125 0.19537037037037036